108.5709 20.47296 -23.10969
10.10686 50.63678 81.78188
34.48265 31.69836 70.89581
42.03556 -39.47606 19.57506
12.97331 -79.04769 91.96542
-38.09322 20.68304 16.31914
58.09431 104.2142 4.316621
51.99403 -38.13571 -42.65766
-9.443634 68.5585 -5.210717
-29.13266 30.52301 39.45237
19.63853 -25.71609 79.33207
-56.05403 26.46747 -54.5549
30.63073 22.35271 -34.99125
-70.12523 -57.42312 68.01486
-71.09778 -42.62737 29.18669
24.80025 -68.30465 62.24397
-1.459738 74.60439 86.81172
91.60371 -44.82813 -34.10917
5.495008 23.59325 -66.23289
14.68723 -102.9232 2.633802
58.49931 63.81148 7.124033
-2.394547 -18.98824 -43.0631
67.40531 32.4725 41.1416
-111.3335 20.89836 24.69715
-70.57742 31.2521 11.06707
18.10035 -63.05437 45.77137
-23.50579 -47.78561 -20.86248
55.76891 3.556316 45.2788
38.29875 -34.83253 13.66343
-49.50945 -70.19182 78.22011
-56.71555 66.95635 -49.32816
23.9363 -66.64683 -25.26651
30.55721 15.55279 40.59738
57.57152 74.8868 29.1685
1.485555 -73.15498 81.83599
-42.82331 21.93187 2.315146
24.64928 -28.32341 -20.30151
-36.82767 78.8591 47.36096
40.45066 -80.25704 -3.114321
-37.15457 -55.7513 94.33336
-11.59 108.8676 -3.972355
-49.75274 -54.22243 -42.22463
7.791159 -69.52296 93.18214
-88.88495 -39.08579 -24.07146
44.44949 28.16872 -13.16573
21.74609 -87.46758 81.67234
-97.9252 12.73427 -68.26379
70.31869 -35.38771 20.28918
-7.51833 29.51201 98.36668
51.81435 -98.35224 34.59844
-70.38107 92.23282 11.69929
-5.497637 23.69218 -43.4329
-59.46445 -30.30762 -53.03078
-1.789378 90.61623 -12.65767
104.3293 25.42621 -21.52196
17.67731 -40.09402 -27.61164
17.55532 17.71843 50.0228
80.41292 -70.91914 -5.129321
97.76785 -64.50036 7.197399
58.49248 35.69013 -28.82561
-1.631729 1.17323 -46.97828
-77.2289 -16.1343 3.282197
-62.68838 -68.28476 -43.04128
-48.14159 -15.76372 44.23026
-57.00877 -7.009806 64.59612
76.89297 -70.29573 35.40559
-36.22757 21.62961 100.4688
69.65379 -9.472425 -5.124938
-13.28482 60.8994 -34.38227
-22.80625 22.93733 -34.48736
-92.61135 21.16093 -49.94869
72.22778 4.127351 42.40693
-65.83691 37.18986 76.66331
5.369168 43.4517 -94.43066
-71.02061 25.63091 -98.04053
6.510211 -66.2346 -54.59293
-54.50922 3.069665 -103.942
-32.44652 -32.1105 48.30038
8.11819 -8.255552 -92.48907
-77.63292 -28.47342 69.6371
1.627079 -34.76343 23.92529
-5.7406 61.04567 14.62869
78.90236 -63.61216 0.04951534
36.23124 -87.19807 61.46334
72.40916 -79.78352 29.67775
-38.74162 2.668337 68.40749
25.1953 -52.66002 7.873248
12.5516 -67.48017 -27.04493
-56.86081 25.4699 111.1246
35.58297 -58.03 -1.051036
-53.2658 20.84023 89.25096
-38.46629 -20.69301 60.77464
29.36275 -16.44287 -10.64851
57.42495 -54.7365 -18.743
42.3 11.64764 33.53528
1.230865 65.15085 -54.30434
90.81155 -55.37683 3.304011
-43.56161 16.292 67.21342
3.742299 -83.63313 -15.16418
-38.0711 10.02575 -101.4673
-63.7068 -33.46046 81.11074
-25.26379 -63.72684 28.82768
-12.43161 -24.71464 94.89459
104.1795 -51.58699 12.16588
40.67157 61.0816 31.3605
-68.10502 -10.28978 32.04815
-23.77791 53.98637 69.06165
18.81524 -43.00104 -56.0243
48.44408 106.2957 16.53946
49.92009 -9.394971 54.47606
92.03715 64.06956 -1.544018
58.39155 62.85746 -27.79355
113.2886 -34.58249 -35.62343
55.49451 68.77975 16.04621
81.35278 -2.526417 -2.107166
-7.882044 -4.592255 -19.30383
-50.46235 -30.37186 29.49583
26.44263 35.39326 -18.89635
-52.49278 -10.78181 82.49023
57.72416 -2.141291 18.13501
4.53473 3.219879 -80.23389
-79.1624 -63.00605 40.84836
-72.42317 -13.72729 15.0972
-39.34246 -10.34118 19.16916
64.17073 -13.98888 -77.40468
39.78964 18.948 -55.16241
111.7388 44.65949 18.96689
-89.4218 55.68199 58.60289
60.09304 20.38888 2.748271
6.978039 54.33165 -22.64461
31.23125 -32.54827 -39.49133
-80.70596 -33.10771 -27.48201
-49.29168 -76.29324 -2.260248
3.339721 30.81487 45.79195
-45.35896 17.54311 -36.91235
41.55638 -21.9589 -28.52923
12.15642 61.27931 26.77135
-11.13182 9.65118 88.13783
66.4643 86.03889 20.26189
-24.78785 -62.21281 -33.96358
1.032608 41.03849 26.43017
-80.3596 49.06661 33.11108
62.85467 -63.72183 -39.5779
-30.82911 0.800806 -7.027561
35.1109 21.24052 90.83801
-69.53916 0.5734107 -6.49474
-29.90289 5.200622 -85.81709
30.99946 18.88924 112.6664
-7.392799 -13.90893 -79.42683
-31.94555 47.53286 89.29404
84.44693 84.50875 3.128941
17.3174 46.1234 33.34799
-50.04073 76.3446 38.09893
84.67622 41.25842 36.2127
-5.619714 -56.76937 -49.784
18.41552 -69.01933 59.19474
-35.4967 34.11983 110.4681
-51.81724 37.64994 -12.45901
66.67018 -22.69476 -35.2345
2.089379 78.08334 86.05908
15.03051 75.44363 36.47803
88.64153 -68.45035 0.6549501
37.8846 107.0505 1.757511
34.82543 -82.62318 88.18782
-93.20261 -23.53855 43.64548
-57.59019 -7.764668 99.70017
54.08566 3.161187 -17.7705
49.80972 85.55482 24.28041
-40.68583 61.15557 -58.01624
-15.61286 15.62481 -73.84956
-21.14868 5.683717 95.31182
72.28365 50.54588 -46.29452
15.31653 -104.5244 -12.71594
2.909263 17.98545 13.32984
26.76212 -105.8212 38.52531
49.39989 7.549183 4.113334
79.02971 -28.35522 -21.37553
33.61024 78.62925 -24.64612
45.27943 15.54389 -14.6655
70.18349 -84.48184 52.57334
-9.602259 75.59277 -39.5997
-5.823898 -79.66309 31.39054
-2.905449 38.50883 71.63067
-49.72654 -95.90073 20.98755
62.65445 -77.40436 -7.896787
-91.66267 22.73849 -74.82155
-47.94727 13.32669 117.1606
86.71669 76.54418 -25.68995
29.20237 53.94089 102.1641
-86.74104 80.04144 84.65115
-56.20514 66.84993 -26.99607
-18.24072 -63.34558 81.51467
12.70742 19.42659 -107.2001
-9.923667 -21.02261 -49.94334
-4.693665 -42.69978 93.38918
55.54795 -43.48985 -97.47736
-66.14819 -27.44618 -15.78035
-14.45044 -26.58392 -91.01848
44.10325 -21.2045 -41.39035
-16.27401 68.29166 93.24231
-38.60277 83.31149 62.03161
85.9248 -60.84466 10.5545
55.28178 -36.38054 9.733023
44.86737 -4.626991 -61.58105
-63.43748 42.72014 -16.58435
10.18511 46.81423 -37.2593
-62.72377 24.82633 105.9886
55.42733 80.19863 60.47408
-59.85316 7.567762 82.35114
55.96338 69.52663 27.84387
-92.68491 -30.3272 -35.79443
37.84993 -83.80205 13.49661
-29.91616 -97.25914 -38.86732
57.55246 -6.839836 -65.51347
-19.46027 87.78565 18.50325
-32.5829 28.96026 91.39317
-4.102329 -82.00222 -63.86228
4.637915 8.960431 50.58742
-40.77705 -105.5394 -10.47265
-68.29395 -29.09865 -0.1220162
-34.32207 -80.5197 -21.49388
37.0151 -40.85608 -53.4459
-31.5375 33.3938 -119.208
31.32328 20.61849 -88.55608
-45.09416 -45.96722 68.84746
-92.22553 58.41188 -37.31805
-3.823524 2.872313 105.8943
-66.64704 -19.38482 -26.84272
-34.7746 117.7529 -28.02734
69.48838 -85.79357 -22.29633
37.69765 46.26713 65.27077
56.32551 -120.2351 -21.41855
69.86059 -4.388287 -62.87513
-54.57468 -36.61266 26.79794
-8.304167 94.02689 -54.37756
-85.04948 -8.571306 12.10107
1.409523 17.2363 -81.07883
-70.99992 -68.71023 -62.35723
-60.16206 -5.38506 7.431114
24.73549 17.38938 48.22956
80.17853 92.26173 14.93943
-8.548983 -7.965156 -84.35552
81.73963 -78.19213 29.66063
-56.66562 102.4171 -30.17339
-38.50228 1.025729 17.12156
3.193889 69.51957 17.35522
32.71251 -17.0148 34.69138
28.34172 -3.1026 15.67295
-22.84439 5.756161 105.9613
-72.14771 -43.44805 -79.118
8.61721 -7.911861 -14.94976
101.9533 59.80121 21.66039
63.18309 90.26662 19.09967
-74.28362 48.62341 22.06076
62.19191 -14.28544 -0.3591469
-43.77736 10.61411 -60.91506
48.59423 65.1868 30.89261
-83.76124 17.36357 -16.75803
74.26087 -16.15047 -9.041433
73.98425 -4.251087 -0.2364507
-41.49692 -12.00427 114.3349
19.47307 -108.4468 14.86291
-49.51958 -11.28979 -94.04395
63.57105 75.3002 6.146132
12.42349 29.69517 -9.931633
-22.10842 71.59554 -30.552
-81.09147 -70.33846 4.690926
-32.24128 -59.01991 12.50651
64.3328 12.6773 -41.65554
-95.96957 -26.3531 -24.2608
28.66855 -46.09286 -91.91971
-4.428362 37.17835 -68.3627
91.34366 7.246099 -12.39936
87.01197 -12.73195 10.62537
-86.64585 -4.851048 46.06007
-47.52773 -31.63628 -55.36286
-62.66368 -40.02351 -66.97668
11.06109 -8.418955 -47.43109
77.97221 -3.131839 -69.09636
-68.58846 32.13657 -101.516
84.12661 -63.68139 27.61389
-4.662088 -73.52666 84.90691
60.17985 65.26228 1.586912
1.864159 -41.61319 75.65871
-96.46249 -27.2935 41.38837
-32.20443 -53.72319 51.08336
72.07112 11.42217 58.54869
-47.64781 86.25205 11.04268
-17.65735 92.91345 6.099172
-60.14537 14.46919 -1.456028
-27.51883 -100.4151 -50.33561
22.99917 -101.0811 47.55578
-51.91938 48.64955 46.46238
-25.16011 13.54271 75.97474
-88.64194 48.73517 48.71104
-25.41987 79.8811 30.99779
62.1561 38.74564 42.00521
86.575 7.535888 0.6608097
-17.42122 36.10091 -100.4365
-58.55849 -56.98224 4.317924
65.83884 -17.83061 -96.49446
19.41299 -56.124 -68.37221
-45.64111 99.41564 9.623621
-29.67594 13.93185 6.507439
58.01339 -44.38925 39.6278
68.61021 -58.55199 59.65999
-7.376095 -4.393651 -31.59536
-9.398324 -87.68173 -29.10708
-2.183116 -69.93248 -26.81163
-39.56162 -26.3322 -88.74376
0.5204692 85.84109 -36.27376
-44.60987 -17.26714 -35.02856
-42.81939 -46.80328 73.91965
1.46381 63.23589 -76.99729
1.053437 -12.77443 -2.174687
-0.7355993 59.4552 21.96082
-32.09005 -40.64377 -58.32086
38.76453 0.2774673 12.86128
-48.05596 -67.96178 -22.13099
23.68606 -54.59374 96.18671
-15.98893 90.25659 -49.4597
3.903344 -41.42621 41.77919
50.66584 -3.359769 -30.0171
33.97227 -39.49032 92.10942
67.53278 -47.05894 -15.05319
32.34231 -22.19062 0.5866489
2.248613 51.55954 16.54176
94.25219 79.9498 -8.236339
-43.29809 102.834 0.2353508
49.73971 32.19531 -84.74642
-88.7694 -18.0096 -18.77093
11.70891 -25.03053 -54.40273
-2.903615 97.03421 -9.166477
29.48412 27.26528 111.9924
58.54564 23.82913 -84.17788
-8.436174 69.26292 -86.44352
-53.09269 25.43739 91.01032
-104.3736 -11.56654 -48.84722
-74.93581 -33.81049 63.65198
-91.31881 52.3994 -21.72506
-79.5068 20.05303 -26.18147
35.40084 -80.60187 17.31281
88.56241 -35.74426 -35.06459
37.98446 -91.10187 -78.09847
27.33041 20.46029 -66.35576
8.748115 39.55247 17.46076
25.36942 42.66089 107.0584
59.5385 -22.90524 86.84132
-91.33612 11.87102 -37.80639
-66.24091 12.91804 67.45535
7.884123 -80.73849 -63.91173
6.321766 -38.81538 2.28933
31.47175 -27.59489 -29.30326
-66.67851 3.285624 22.05403
-50.88814 -17.56631 68.50496
-0.7605149 59.71712 80.37213
-48.59193 28.86577 67.49912
-74.29211 -28.49804 1.795197
-35.62425 -70.90981 14.31327
13.69573 96.17533 -6.293273
57.83349 27.73091 14.39652
-90.03896 35.4655 46.01848
81.67322 -17.52216 -18.7581
-38.73999 -55.43457 -58.82841
-37.23973 4.0824 97.18948
76.68983 71.59054 -2.924072
15.81095 102.7532 -25.17303
9.246683 -110.271 25.09286
94.8874 -62.41177 18.68238
-90.15115 64.88254 -17.98693
-85.54078 14.00397 -10.67481
-103.5028 -28.15929 -32.93357
-58.04619 -72.8381 75.01435
-7.845799 -69.72018 46.00547
32.87402 22.94785 58.02576
74.83365 30.64242 56.2062
-106.8742 -34.71181 -44.90368
-44.4395 -8.029192 51.62014
-27.89538 92.52711 -6.458743
-60.68901 -7.958754 -33.43204
-93.59461 82.8168 -25.15198
46.39888 -26.92472 91.76593
76.25565 70.30384 -17.24304
-91.78896 11.5879 -50.47995
-19.43325 64.95612 62.08043
27.97869 48.31792 91.76842
28.85452 25.79674 -88.89101
35.10095 -28.71355 -110.4599
-6.261974 -47.6806 -79.93587
-78.17807 -81.20085 -11.96373
44.7327 -50.16683 -69.34026
-76.82439 55.11348 50.36541
44.33103 -43.01359 31.2571
-81.16595 -46.41878 15.2554
-79.5573 -70.79881 13.56661
11.94259 -18.21956 -89.10012
90.45354 61.77151 7.376149
32.22598 -47.65825 -18.13463
60.06089 57.09533 31.13725
-24.77689 -78.12621 62.38968
-58.56676 10.95598 -12.74803
-14.19218 -68.49219 34.76514
-38.95026 36.47056 114.4108
-69.86998 54.1818 58.69057
49.7175 80.11205 52.55215
79.27423 55.30846 -2.589878
-78.14765 -62.60925 -77.03242
-83.75694 36.25702 44.29076
-25.16468 39.79943 102.2418
-6.714488 -84.96707 -42.7394
-72.3885 34.28805 -33.736
-63.7048 -13.87208 -39.53158
59.64916 -89.38732 -7.292539
43.7049 -1.84223 -99.65914
106.5114 -35.57853 12.33503
-24.13186 13.40927 84.15371
42.23994 -56.32499 -38.14904
-57.87054 40.62129 -97.15516
-8.357728 96.45562 -13.10808
30.54788 -103.7332 34.04362
-0.7093969 53.25546 47.57147
-70.02174 9.824129 28.10113
66.72209 -43.24516 12.28754
33.51753 80.03183 23.53443
87.53305 -33.15331 -46.65332
-84.75225 77.59631 29.17471
-36.53949 64.29548 -37.12091
4.828824 49.5817 29.94689
6.882248 50.12738 -109.0648
14.9586 48.41795 -64.78974
52.51291 37.11208 -76.67081
-81.30976 75.6933 -10.01745
-27.49586 85.41721 56.55086
-60.88739 -79.17287 -39.08372
-98.2178 47.37657 -11.92583
12.9492 107.5366 -5.569742
75.41647 -61.3209 -68.91412
66.76215 2.451871 -89.27596
-13.04853 -85.12874 -75.7796
12.60385 -2.848663 30.3322
-12.14903 -61.31141 74.17321
-39.33395 -98.83125 -3.194513
-22.99242 -3.705026 117.0499
31.03732 -56.50028 -68.03914
-57.58849 -57.58479 -41.18677
-59.44751 -81.6854 -0.8705385
-6.013152 64.93712 -95.08037
79.29939 -65.45424 20.23996
99.43826 -43.85112 -4.245853
58.23701 47.57801 11.17427
-1.593768 51.41854 -85.74041
-78.86995 36.06789 -33.59082
-26.6356 -21.67668 113.7091
102.4998 -57.29968 16.59398
-28.63726 95.78555 8.208233
-54.53399 23.56729 69.18721
-4.710794 0.4955782 -80.66257
9.22883 44.74791 48.80413
36.15695 72.39504 -14.68599
15.47023 -59.00124 26.0015
31.33728 0.1561729 -46.92746
38.44971 40.80494 102.458
56.13505 -103.7676 31.78872
3.400694 20.6102 -11.91393
-11.35525 -29.95846 -39.77964
-15.08802 -13.94656 40.77488
-80.69051 60.57994 -28.36526
63.29713 34.57725 -6.972175
39.16663 29.55709 -76.57044
-25.60733 -12.89993 -80.75871
76.42035 -61.91361 41.06224
-52.41349 -56.99516 60.27956
74.45775 -67.31685 -17.76673
65.53222 93.5634 10.64313
-26.63507 -82.21182 34.96397
-34.61501 -46.20049 -25.85539
77.40783 -24.43291 44.28978
53.7078 -50.44551 -87.56657
-100.2709 9.165925 -79.18697
-51.82808 4.153977 74.72984
-71.92915 -4.620479 -41.80933
90.91493 74.95167 -17.93178
37.43747 50.28705 93.55959
-9.681552 42.09508 -36.25737
35.68135 -77.82067 77.13186
-19.54855 -9.729711 97.36221
100.1691 0.844769 -1.266894
94.58297 -58.43404 34.99126
57.54312 -5.511112 9.998862
-53.4394 47.99227 75.67902
-33.32395 58.98754 -45.8321
19.61303 -45.30982 35.74312
44.01046 12.16552 -2.142503
-17.37206 46.26739 0.790906
-22.00496 43.99115 -78.05077
-16.75605 79.35082 78.61421
12.83486 21.10957 63.32677
-44.60284 7.206544 -9.591866
-48.94406 -20.64732 -46.36936
20.10721 14.76725 95.81831
-67.15171 83.28251 -35.02402
-28.29923 -49.36094 -81.5628
17.70905 -69.55761 87.81458
30.41739 -41.3454 -16.80657
64.96121 2.956966 6.812482
57.49507 -33.42437 -47.60571
44.73404 69.715 24.09498
84.05048 65.75384 -26.39154
8.06038 -112.6167 -3.830209
-59.46526 22.70229 -69.43925
18.8492 30.71861 -7.736499
41.06087 -51.00597 54.15558
-23.59537 28.64655 9.932221
40.65519 -7.900977 89.1525
33.89565 29.24259 -37.15616
-54.58245 86.93972 20.21712
36.23114 -0.9191968 -43.62003
-106.9117 78.62519 40.8496
50.74891 -42.02615 -99.36559
13.21681 70.95463 16.68192
-37.62058 32.70744 -35.42833
-63.21187 -37.20678 39.8033
38.1647 -56.18161 15.29138
-35.27856 -23.71728 -20.31797
-87.64903 67.32954 29.36489
-69.62372 -80.67297 21.13447
26.94456 -51.22464 33.14337
-32.38707 -27.01835 -100.159
-18.64404 -39.30508 -46.75851
72.19928 -25.70131 -8.168077
3.907394 82.46493 -59.06754
55.93483 57.79359 -2.189569
-1.339579 54.74709 60.39681
69.78925 80.83615 24.08167
45.27847 -24.48377 -4.181982
-47.02858 -2.198995 53.71862
-89.04779 29.16364 -21.03634
-69.26127 -5.755335 -15.99413
15.0746 53.94583 72.11001
78.8086 -29.72333 36.6232
-1.777104 14.17385 113.4234
54.87093 50.41731 0.944151
8.160829 52.26091 -4.948829
-74.64267 27.26204 -91.49145
-73.73707 -60.79693 43.38201
100.0208 -32.62865 18.26193
-48.25035 -92.09585 6.444661
-42.92172 -19.25246 39.63699
21.91435 -42.90072 -22.45476
26.40381 28.39534 105.9272
71.24228 -50.52788 24.85323
-25.46188 49.97195 8.145794
-49.56212 -98.04173 2.124904
-103.1331 45.73988 -17.43198
78.87382 4.11221 -69.46144
-20.08678 -6.651489 18.62626
-9.30884 0.6411489 -11.05485
-25.15823 -85.72619 -17.31706
60.32611 10.84563 76.14229
37.38866 -106.1228 5.990146
-18.09142 -70.85211 85.37843
-43.89373 30.80184 -94.32298
4.689812 -87.46918 80.86393
41.96705 -4.467158 73.51901
71.41638 -53.00184 -2.991377
-69.76575 -36.78248 24.09789
-21.86155 -46.83075 55.56665
37.87837 66.13976 -26.97083
14.03822 -56.48433 -68.61097
-48.70033 -31.83432 98.68378
21.38424 25.67489 -51.76802
-7.222336 19.35995 -33.45022
-10.20024 108.8048 -18.42192
-68.84135 -25.77732 -38.15599
-2.657411 6.586831 -18.14051
-78.53401 -44.96004 -2.174022
53.76869 -63.25053 78.08748
-52.51935 42.18444 -21.01569
29.6576 8.790004 -29.64556
41.8932 28.32704 -68.73625
55.70671 -72.05286 -43.09396
-72.91994 8.845177 -91.3401
39.13794 -40.16744 -94.87799
-68.60188 46.87135 47.89126
84.0008 80.10822 -19.30606
-7.201409 -6.418237 27.76755
6.048671 42.86086 -36.26686
-65.40269 31.18461 -12.0271
46.60854 -41.89789 -58.36375
67.40775 64.11028 53.05414
35.78122 -28.37453 -52.68615
14.01873 86.61185 -3.49973
-44.47094 56.5221 -0.2576352
56.16246 66.08221 59.44351
1.423327 64.4824 -95.86682
-49.07139 -7.242076 -63.99192
35.41788 -42.25429 65.17006
-15.95167 71.67014 -7.199208
88.42752 84.27295 -3.248752
-35.64807 7.680725 53.37704
-71.18385 -31.0667 -54.8036
97.8225 7.391788 -29.0433
-51.47092 8.033355 9.234573
76.48601 0.1286805 -22.9722
-63.96417 19.27101 -27.33414
-43.97565 -69.57137 -38.27541
85.44073 -64.18301 50.32104
-14.08683 -61.20522 51.10006
46.87324 -37.8582 -24.12391
-19.54373 -40.00643 83.44071
15.285 -56.88793 -12.62162
-75.79743 7.172912 -16.5873
-92.39688 52.04651 -1.674384
-91.33196 -6.314195 -24.23562
74.46802 37.77315 1.09821
-18.86232 76.26904 6.041421
-20.38421 16.38025 -4.436168
36.65923 -85.93507 26.95253
-1.388466 -31.11587 -2.803736
-19.50816 87.8789 14.08717
95.05869 38.89334 42.93914
1.050648 -56.65742 81.16016
-11.94517 101.6249 -20.35025
15.18792 1.025237 65.75748
43.67965 -94.64377 35.70515
65.10558 -59.34697 18.12658
9.791462 52.73783 11.55794
-49.84373 45.19979 -28.11964
19.55885 -87.16127 10.66302
4.545337 67.817 30.62409
86.64408 37.48309 64.10757
51.21719 -37.40022 -105.0161
-32.48725 -28.22939 -5.129132
-25.43108 -59.52945 65.85978
50.36076 1.146135 -80.06432
82.51891 17.05247 -21.7981
-94.7028 8.665442 -24.83512
-3.568729 16.82102 -29.85385
51.3003 7.684131 -40.0285
9.482489 12.21305 -115.4501
1.840504 29.38773 -70.50234
-18.22918 44.47087 47.08721
53.0231 -67.64975 68.53386
97.11513 26.2731 -38.93217
60.16514 -12.6875 19.23042
-6.157219 105.5164 2.521058
105.4434 7.397739 -17.38898
37.2604 5.156893 34.00051
7.084991 -57.43127 -62.82547
21.97425 33.44725 -41.25993
-29.63667 23.67647 -1.290811
50.83974 -49.09819 72.9747
22.99179 42.41759 45.15047
-95.95755 -18.02056 -25.3168
-45.05124 78.23651 81.17785
-55.19188 -0.9264397 29.85907
-10.50176 81.1729 -53.1563
-83.27227 -50.71928 -55.104
-50.39092 13.28641 2.229976
-0.9059875 46.97654 -0.5111991
16.64924 10.05001 -106.4043
-27.51537 -27.50819 39.08986
-68.63484 5.656288 -54.69802
-62.51031 37.58021 13.21745
0.5207698 93.54049 12.48489
-30.10824 98.92026 27.36434
39.26135 105.258 9.369167
-37.83923 -0.8345702 110.7773
15.15182 7.649209 -37.54942
-69.44374 -10.74776 3.658624
32.42685 -9.39852 30.35918
-59.78551 4.616807 -46.66284
67.74171 68.05866 -48.37084
-10.90437 39.70432 -92.22796
-15.22169 44.0505 96.86983
4.671153 70.24931 -4.291615
25.56747 -0.258327 -36.19263
-33.86609 -7.152254 85.21857
-9.841228 7.199255 67.91779
-37.66747 5.322215 -74.63282
42.09673 59.08514 91.36441
-86.8202 18.53846 -50.57658
63.14746 72.92558 -19.86817
-103.5473 9.672265 -2.746738
-8.339425 9.036107 -7.776805
-23.85956 1.020625 -52.04934
59.18668 43.67225 -76.34129
61.25557 -51.36662 -46.99898
62.06706 58.39785 20.2455
40.58068 -37.23299 -59.02727
-56.39536 46.87745 -101.3006
5.010798 9.174579 41.79647
37.35709 -38.36941 6.011929
-32.27463 87.34764 -69.05599
23.72727 15.40006 -95.2505
-21.44663 -75.45837 -34.33843
78.84081 82.32514 -23.5156
0.01361272 22.29113 -71.88762
43.18961 -102.6787 33.80088
-73.18484 44.20317 -27.93394
-5.242038 -60.81946 65.43007
68.71528 -24.60023 47.88757
-93.86944 -35.0141 -19.2227
77.72536 37.6799 -54.21703
60.80516 79.50678 15.27245
33.82719 57.63577 4.839882
-37.7049 30.5591 -85.18058
-11.95743 -90.05042 -44.38734
-42.86317 -13.23681 -29.3894
-43.45124 -16.2816 -98.91898
-18.32421 19.36403 -89.58372
-3.662344 -53.38997 66.04967
9.030158 88.285 -49.90357
16.4955 -101.0845 29.2157
114.3903 24.38436 -7.151016
46.15885 -23.45033 76.98709
46.7219 88.2733 27.18776
-29.91571 34.74327 70.16249
-65.19507 27.20456 101.5494
60.62672 -6.955745 -1.011638
-34.22301 -84.53087 -45.64615
81.43636 23.91068 -73.2496
86.89263 7.567253 17.7385
25.70669 -8.194253 2.236381
-52.31173 -5.821224 66.94504
110.5769 8.054032 -11.89367
-31.07989 -10.71134 -44.08547
-14.79372 -8.833269 -56.6081
20.32592 -95.61356 -30.87785
38.60429 -20.62503 87.45463
-7.855323 -37.83978 20.78709
-82.78921 -54.20549 -76.63455
-67.99259 40.09178 -77.16338
57.21607 95.69925 24.87863
120.6035 -37.80391 -18.87645
-29.24523 -61.83817 -28.1212
5.343512 -51.98989 17.8704
80.14861 -59.53515 -13.01198
8.075513 20.94591 -102.049
79.89645 7.240326 -1.92311
69.72881 -18.73987 -92.26311
-27.72541 34.74401 -89.72224
-70.60628 92.5415 -14.73176
-26.40374 -14.54823 54.57182
74.92137 -69.30591 -4.363181
59.40493 -91.3772 47.81356
-43.84587 40.41029 -43.21573
5.806591 -45.24392 81.18004
72.85912 -25.56096 51.12682
37.08574 -100.8348 10.21789
-12.93762 -68.19224 -12.49012
-79.70583 15.31477 -55.19935
-41.50573 -23.26633 -32.51149
28.99485 -58.61918 78.58289
-3.565043 -43.95819 -40.51389
17.16848 -50.03318 10.8322
-94.63857 -12.09838 -2.154351
-66.92008 57.76108 83.60845
11.44856 14.25645 64.73936
-2.302735 65.9221 -5.153393
61.45372 51.90659 27.47954
-37.37624 46.65745 -8.622867
-7.933999 54.69637 -106.6544
52.72621 -63.32192 -8.978199
-33.52449 20.4369 112.7538
-42.59216 -32.13762 108.891
-53.19153 -15.93169 75.63344
51.10163 -28.41113 -44.66628
-38.34452 48.08486 110.8084
23.4382 14.42526 -28.05752
-20.89302 -91.78453 16.61143
61.50679 -35.60134 70.01543
56.39811 6.897202 92.72421
-30.88951 -11.82379 19.51205
-24.25677 60.41746 4.563365
26.7798 8.035 -26.03868
-27.95039 31.17855 -37.9519
-35.87046 -21.80966 109.7171
88.61712 34.77134 3.953333
-15.60774 -86.80984 -18.24464
57.52795 45.50788 -45.69418
-73.18412 -74.69723 -23.79763
-72.64485 39.81081 -47.26619
13.23141 -25.41975 -31.2267
-15.764 56.50981 13.23128
103.4615 52.73117 12.87432
65.4977 55.44736 -43.00158
54.24825 33.17254 -3.352201
-116.7118 -34.2883 -29.60815
-66.36248 44.04151 -76.26752
-49.96247 -83.35134 41.47923
50.86492 6.002893 14.90269
-13.46512 -23.28064 89.91938
1.893232 22.87223 -111.3841
-61.43027 -34.93283 62.05255
48.71067 -95.15691 37.12447
-122.1214 -16.64229 -41.75837
57.43465 64.34208 29.21701
-9.119955 -45.55653 -60.82358
100.7403 32.68459 -13.83055
36.91803 36.33591 -39.89038
79.13193 79.52908 -17.94725
62.22823 -110.446 -18.98393
-61.04658 59.83323 -36.39856
-1.74413 34.66262 -104.9106
-87.20544 74.13608 5.806714
-41.34465 46.48139 103.3501
106.1253 -62.74203 -11.97887
95.38552 60.6245 -9.648635
-10.67837 -5.486579 100.8328
-42.88176 -60.18163 91.16748
9.211782 12.7993 80.67398
63.16887 -22.82062 47.32338
88.27895 -0.7628163 -11.70014
20.62951 39.94796 -55.59644
-95.17225 -52.29588 -48.25562
2.127522 66.04646 -14.42734
-9.473758 -71.16461 -41.69751
-1.101376 -54.08996 19.77862
-56.20243 89.84724 56.78065
39.79713 19.30354 -80.64105
17.02737 27.25857 -42.16476
-79.736 -18.43509 9.475966
14.96622 -75.98781 84.48662
4.064479 -18.48556 -2.362136
-90.23366 -12.4532 24.52917
85.95157 -51.97115 0.04675769
49.99469 -42.72159 -51.36982
-75.49492 12.08689 -41.48996
14.03185 -39.53496 -34.77285
12.58444 -107.585 -38.49711
-36.97519 -28.48553 64.13299
74.25207 -35.18161 -9.632375
-38.74705 -17.42549 52.11753
5.388836 48.33178 90.83587
-74.18166 65.19263 -24.9146
44.2738 -64.75323 3.542402
-48.42724 -3.849947 -22.62925
-10.97342 103.8073 -42.08524
-22.67425 -14.24289 -69.34052
-78.61614 -0.8177763 -47.89645
-34.64499 -31.01533 96.72645
42.3938 -12.95245 99.17352
27.18754 84.51327 60.51936
57.51321 3.940054 -25.5597
-51.76923 -10.31621 -56.43702
31.99673 70.5131 75.93192
104.2959 -54.27433 -9.442975
-65.16557 -7.035942 59.24162
-76.34975 -5.057492 68.27348
-34.19167 -45.87288 -51.9184
-16.29236 26.18426 -105.053
35.8253 42.71399 24.85592
65.03403 -72.14525 41.40371
17.2581 -0.4506469 -47.21284
-79.55679 -1.990159 -24.0769
-27.83402 35.56144 -67.98956
55.81021 42.37439 -58.21613
-30.46547 95.52341 42.25381
46.7611 -17.1379 94.57697
14.62598 -63.3829 36.61407
-29.46749 35.93452 -98.77277
106.1475 40.42646 34.79042
-50.94061 86.62305 45.72975
69.85769 72.12788 16.79455
21.50492 54.98343 -3.406519
-89.53453 -1.098195 31.97356
53.04802 -18.4064 25.05812
-66.15741 17.86266 43.05215
-54.99183 -5.529206 -66.73566
77.3768 -56.38205 48.27504
-9.231641 7.706624 -90.25294
69.13921 59.50258 -49.6308
-76.21648 38.89701 -94.16522
-5.715359 -36.49361 -60.82066
31.58788 -3.871656 -90.73616
25.61979 88.57635 -16.86472
68.06654 31.65859 94.39664
-80.11509 3.745231 50.7924
79.12172 73.22089 18.52184
34.13543 66.30428 -34.40803
38.43518 87.84366 -5.07285
59.87807 -61.77886 11.33928
-9.833007 -84.79234 10.39099
-44.59614 19.99388 69.19502
47.19284 93.95848 17.42523
-14.27953 -70.33995 12.39845
69.89973 -38.76601 -19.47273
-97.83147 66.67773 49.12387
29.01272 -31.1331 59.5387
105.7279 46.84928 47.76517
-57.87873 31.58623 -34.38859
-56.62302 -9.772117 -42.63721
54.67684 99.55013 -12.85076
28.20729 55.82992 -75.46786
7.195341 -73.26206 -64.77088
-75.30704 8.448775 45.82454
111.7946 6.035615 -28.10179
-42.43978 11.27736 -108.3896
-72.06355 -67.98251 4.27593
2.412246 59.78547 -44.23751
78.96729 -13.99144 47.3155
3.635084 66.92107 -41.77356
-95.82979 -13.79165 -12.6892
-12.86073 -77.46535 -18.29616
-21.21454 -65.39979 77.52209
34.98991 4.139637 -86.00167
48.63396 -55.42624 73.95715
-99.60655 23.90011 2.026833
40.05421 -103.6077 -5.046993
-32.02341 -43.56223 -77.25233
27.63758 -85.17444 -18.61706
15.33882 -52.63536 47.69297
21.31237 59.65699 1.439619
-59.69324 -75.69806 -31.82191
48.79337 -7.899132 -52.28515
31.04243 10.42038 -14.75367
-63.57151 -49.73095 -81.06111
-80.03358 -60.90978 -18.94388
-67.92194 14.4346 -34.0629
-71.12184 29.54305 20.54143
-33.70077 -48.28185 -42.18482
87.42453 57.42378 28.46481
-58.94321 30.59733 -59.65209
-47.90532 50.11089 15.58748
68.89502 43.3081 21.40799
68.24967 61.14936 -7.108876
-63.2902 18.05449 24.42882
-82.70632 -38.09835 43.94704
20.52201 39.67882 -45.6758
-21.2334 52.56167 -65.03598
33.53575 -29.312 58.53513
61.2532 -16.40068 -96.54737
9.971506 -26.62457 -85.09373
-90.01794 25.29384 -45.24353
1.005207 93.54729 -30.31072
-19.55682 15.13787 -69.23709
-11.37961 -5.058271 18.70052
78.6397 -51.70276 20.34675
-70.85573 -64.23785 14.43938
96.98904 -1.533102 -40.96219
58.45305 -0.468255 85.91908
-33.5453 8.246611 83.10912
49.8205 -8.579803 -81.29434
31.25345 47.49243 -46.96909
-60.87136 30.11294 73.06688
-13.01469 0.6309881 71.95469
49.05219 35.17772 33.8661
-1.874195 -31.10763 -55.3251
62.24887 -91.59353 17.53145
67.49263 -88.41049 52.29462
47.48112 14.29565 9.221101
68.57626 -17.32088 47.78738
41.71719 -55.76463 86.09528
91.79775 46.05846 -41.14836
-32.67007 -10.46569 -48.85608
-14.68107 27.59557 -110.2786
-18.77205 -21.39435 -80.89754
30.24321 -14.97924 9.610577
14.79834 -82.82216 7.251996
10.45579 -94.42532 -63.61295
3.08682 -73.27973 -79.10358
-97.20733 79.93797 -6.679537
40.25613 -88.19511 -16.33723
-71.71765 -11.28614 -45.85205
12.72567 31.7317 -120.6678
-73.73943 15.80817 106.8311
-89.75779 -34.20477 -14.38428
-32.24596 7.77244 13.63332
97.7447 12.01949 4.235514
-65.04609 15.17315 -93.81622
7.855152 -90.66708 63.39135
-27.9194 25.6119 -49.60115
-21.50823 -6.782655 -56.73571
-19.97789 -107.7518 1.62923
50.28736 76.00517 14.79195
-72.31576 50.34954 48.69201
25.53804 22.24155 97.99294
-33.06479 -76.20557 -62.3858
53.03007 15.94236 40.85746
88.34902 -18.55695 -12.26421
40.66916 12.32674 91.67022
-17.05667 -0.6527608 64.3115
-10.36044 -49.51097 50.21758
31.63555 62.79197 -39.68604
60.95569 -16.18743 -44.93374
47.75504 -45.25392 -83.73252
52.93172 71.47601 -3.815503
-16.57399 -72.15094 -7.111956
53.11841 -8.207059 -3.999489
-13.68284 13.40064 41.7045
23.3541 -119.3487 9.059053
106.6603 31.75659 5.765719
6.313999 -77.59554 69.74343
-100.9319 24.90688 -10.11704
9.721956 -111.8639 -35.136
18.80334 -82.99509 -62.50494
-30.25501 29.93705 6.514718
-29.89809 75.04682 46.7687
66.28004 -0.8325579 -8.00632
-3.586366 23.43363 0.682268
23.62792 -82.81865 7.988187
-37.77162 -77.80982 -49.14204
-45.85899 -37.37515 26.37965
-56.22344 41.67304 -113.9438
95.48443 49.7668 45.56311
18.08884 -59.5998 -63.39145
69.04601 29.26321 69.07227
-89.23328 4.223273 -79.38588
-8.358768 104.6298 -6.842549
0.05401215 -8.002446 -75.79626
33.84955 62.02642 -7.144609
-15.29144 -4.015604 25.20972
-26.28438 62.55122 -60.93877
1.961299 41.81306 2.033735
20.59323 54.48349 -63.89571
27.96493 93.49449 16.00455
25.35614 -70.61606 84.26653
65.45676 67.16048 -56.84062
19.16579 -9.749063 61.77741
13.65326 58.25098 -70.14081
58.90485 42.15963 32.76308
-10.34014 -50.20321 60.05205
71.08501 42.62513 65.14797
-64.83291 33.15548 -17.59399
-84.85042 -9.914279 31.16906
-83.20943 -57.00572 17.251
-30.05856 18.58631 11.95397
51.60957 25.32562 44.33646
-42.89513 -30.85747 -21.31058
20.79228 31.37364 108.8284
-93.98658 6.687089 -30.76533
-58.96864 44.51836 -19.71177
-7.090406 25.35284 -31.56127
11.65284 -37.75864 -58.15797
-9.174564 -3.110765 -61.51107
58.70131 -49.19173 -72.52902
40.99802 -4.648502 -102.673
-58.58987 113.1949 15.66441
-88.29127 -18.53939 4.569503
-35.66771 1.727227 -96.937
-58.43012 -9.398545 -64.32516
73.2562 50.09933 -58.52426
-28.9627 -53.68051 4.495436
18.17695 -36.22409 -32.11691
-29.43936 -72.75148 40.91523
-54.82031 41.28961 34.29874
-79.58028 -51.39524 -35.19998
75.88038 64.90908 -30.2836
-1.581501 -73.93317 -74.93913
-35.11969 15.63302 -97.41653
-100.5506 2.750655 -48.93498
24.09926 -8.664355 -89.80474
55.00537 -24.61116 86.3448
-29.16591 73.54775 37.69316
-20.70995 81.18465 -41.58165
-3.107963 101.9957 -0.4296836
-18.25757 -76.72028 -64.76952
70.00218 -11.91625 -78.77085
-33.08142 -32.20921 -38.01943
64.17551 -74.0341 6.585723
58.96805 86.09058 43.19798
-19.93939 33.28502 -1.223531
-58.19587 9.919506 51.40501
20.60084 25.67969 69.99274
-67.53577 31.29093 -67.50426
-64.97158 39.02537 70.61151
-21.77428 30.55905 -13.07347
-74.80122 -54.24586 -4.849681
35.55545 32.80652 -81.40835
6.437047 57.91772 -10.96741
6.545191 -107.9011 -14.12871
-20.6688 -76.50822 -18.79409
-80.51031 -14.19263 -26.54906
110.2003 24.31891 -38.51815
-60.80071 61.75331 -43.94743
79.49647 -87.15959 35.24471
-32.33868 -45.47999 18.02354
12.05127 86.9279 -39.00332
-1.980171 -18.50036 2.831026
-20.49231 25.36402 -85.46033
-87.58929 32.29789 -36.60159
-83.41653 88.74402 -24.75754
67.61545 -62.27089 37.30817
-56.09262 45.45761 107.1737
101.5037 18.44614 -22.59961
-69.97411 28.91226 48.06473
21.0472 22.19618 56.06415
16.78102 16.96334 26.12583
15.02015 -81.58957 -78.74589
39.38641 -89.39111 53.14653
32.6408 -44.98753 83.49435
71.09771 38.14889 61.35338
7.005825 -24.99008 65.33403
-66.52975 -49.2648 -58.37341
-24.54272 48.60265 76.33002
-23.26139 9.536731 -18.23606
86.47339 47.41689 -27.22647
-42.14608 -18.35492 76.2702
46.08686 54.90508 35.8149
-10.19206 33.01454 -9.735852
-48.45122 46.23477 -1.631787
46.65799 -78.67109 70.88486
-34.17885 12.8459 87.69382
-76.23333 -20.47569 -25.7206
-48.38866 -3.067152 27.45979
-72.16836 -31.00926 21.7645
-37.30148 -4.150772 9.545485
102.556 3.306444 19.93768
-19.69366 -54.31232 -58.20195
-48.10798 27.48585 -96.04162
-66.2067 -32.21305 93.13362
9.337969 -88.34457 -34.28987
75.90915 71.1435 -25.3103
39.04279 -22.10399 -69.17146
-26.54662 -9.98115 -110.2484
-44.22556 -38.19943 -92.92895
22.64945 -101.0139 35.79481
65.36789 -69.58707 -7.531198
-8.611672 31.90492 -58.86023
77.39582 56.74409 42.46415
-29.0073 9.60792 -75.54253
-21.57516 -45.241 -68.49005
-76.10693 -51.24507 38.17252
102.8066 31.42753 -38.4296
-10.27939 -74.1303 18.10777
-28.74585 58.17587 60.17386
-58.9216 53.49859 -73.59933
52.29405 -50.30892 -10.16401
-50.71181 -72.65018 9.114269
-66.66307 25.72224 -25.59659
-54.49811 21.00988 -96.34801
-18.25233 59.63549 83.8737
50.54927 -57.32117 -88.28149
-46.07967 -100.0945 -4.018052
-14.28044 61.39421 -75.49239
60.91132 -81.47303 23.54957
60.66309 72.56419 -36.58088
-18.5802 0.515633 30.93714
37.62151 -29.64941 81.17863
26.20169 -42.4964 39.2723
-32.19896 -83.59641 85.66853
-59.52544 -22.53629 76.21758
18.29741 5.748151 -86.79016
-5.866202 53.29688 22.48557
9.648928 72.1539 -25.40467
-37.69236 -32.16961 -25.4719
90.33279 -7.412498 -5.952417
34.73542 63.02463 92.00858
66.5275 -60.93832 8.843704
27.64147 29.17643 -65.5574
8.970711 45.44617 -14.96875
12.35975 40.03118 58.30737
84.86742 -14.0544 20.23521
42.53848 69.2645 11.72266
-84.13244 -17.00247 -51.51213
13.3157 -81.4249 18.52004
0.7326859 101.6453 6.890538
68.35854 55.71369 -15.45041
63.52744 -32.68566 -85.70947
53.53368 60.53948 -52.9511
13.92488 -30.37489 91.33678
-20.56893 50.79829 37.25132
-27.31267 80.13874 72.46573
-22.20552 -37.25937 55.57006
-25.95712 73.96124 26.92417
43.04799 27.44624 47.41161
48.03455 44.06881 40.0265
-30.00092 -33.94995 88.51395
23.60006 -32.53163 -53.39656
-74.15046 -60.1379 -80.03969
-36.95662 -10.79113 -8.069676
73.3657 -59.83109 -0.5537893
-18.45712 -97.27431 -56.13472
-14.1941 12.56914 20.73956
17.18821 -66.43152 -12.19603
-102.3523 -37.97528 -11.75496
-17.98017 58.58197 62.05048
-22.77277 50.37556 -2.183504
34.98024 96.43977 -3.042522
70.63598 -67.28799 30.16471
79.94005 -12.83719 -17.52981
20.56612 72.40759 36.49181
-19.88266 -44.96894 -43.77539
67.04715 51.87887 37.83585
-91.93481 -53.56367 -6.608086
40.11156 -2.825603 -8.609674
-36.85839 -83.96852 33.56533
19.85949 -23.17095 97.38902
-80.42732 83.23067 24.80782
24.99875 -62.8756 34.27559
53.73582 -73.36213 -34.51299
-33.91791 -56.57755 55.2019
25.44687 -52.2108 -60.05178
20.63642 -47.03491 -96.25301
64.37477 -71.43781 59.3548
67.30851 -31.7526 41.19547
-56.34771 20.74408 -102.5589
8.238491 -67.19244 -76.17097
-94.27863 -2.124472 -10.79838
78.5135 80.84061 -9.010542
72.27339 -92.76543 5.761178
-94.35751 57.23283 49.77013
70.7675 58.74917 58.27848
2.042422 -96.05024 25.08625
-56.64357 -91.88236 20.09175
-61.26527 40.3106 -90.62324
-57.48516 54.04716 23.03647
-91.97178 52.03805 34.37539
-0.4575242 -11.38788 13.50535
-62.93507 40.67326 51.11485
-97.37749 57.2681 40.99044
-14.41373 -84.71667 -46.2097
1.417367 40.57413 36.23176
-50.9896 44.3327 -11.94666
-64.08611 40.11065 -83.87402
-15.97496 -68.8418 -81.00797
-46.60693 -1.609869 -80.24625
18.40618 59.73656 -7.065601
51.56421 15.89975 -2.46866
16.91534 -2.54443 -70.57555
-3.050668 37.42087 46.47751
44.70666 66.91141 -55.97478
107.4979 33.47915 -17.4511
-41.03642 8.970949 108.3844
63.3818 -20.11358 66.4292
-83.86882 0.5195488 40.01054
15.01479 95.99951 5.754661
-65.27195 -85.54437 3.211779
-27.29985 22.90161 4.453416
-73.06055 5.811413 62.0317
-66.00289 21.58218 -9.057838
-44.22916 -14.89371 61.30146
-56.41633 6.294179 -16.42944
45.0631 -5.583405 18.73725
-5.438095 -55.68979 -21.76276
73.71961 56.04158 9.045144
100.2785 -30.79481 5.484918
47.00919 57.11403 76.39069
-64.32521 33.17422 -45.65791
-103.1708 17.90159 -6.623424
-54.62842 -55.32672 -54.42843
50.13168 73.70785 26.32145
37.89369 -63.65154 -27.46136
-75.36606 -41.5597 2.588041
-62.90636 19.7933 -100.0181
-41.36257 34.14915 -6.953614
-78.13344 -71.62649 49.60326
57.84184 -21.46632 76.67387
-69.52007 -7.293646 7.88002
-86.39361 21.195 -84.466
80.94619 12.89375 -1.025366
0.07436287 -8.82935 -103.9624
59.2827 50.00992 4.809725
55.08963 -10.08133 78.48267
28.97139 83.71565 -5.487186
68.07776 59.12034 2.665949
35.59717 -12.43682 48.5655
-85.19648 -28.9654 39.08321
41.49606 -56.60737 -60.44446
-9.011318 -75.80936 -34.92744
-9.795957 28.83005 9.724378
6.407853 -78.93369 86.18824
30.18003 -29.43048 -83.63013
-46.8592 -54.57092 -35.3897
-11.80979 -48.12632 81.32417
64.49954 -1.132498 -47.78982
-62.38782 -52.63351 29.09841
43.44201 8.374882 39.72617
-60.40472 -21.47196 -11.03711
-20.3283 30.72031 72.54855
-12.83184 -32.50703 88.49892
-99.05746 31.17317 -27.19951
23.99014 -27.59045 6.876764
-26.58699 14.14389 97.07886
-4.04367 -62.95417 -22.29941
-43.44333 40.19087 7.304167
80.84322 9.487591 69.6112
-48.28825 59.36724 -89.90282
-3.214683 -65.94531 73.31274
69.24569 -57.33037 0.02684762
3.354903 -12.78555 65.16149
-48.88545 53.98386 -55.81755
13.87942 20.70967 5.431374
-55.79502 18.30464 83.72682
-40.85847 50.52658 -40.76111
55.88061 -9.851587 -55.41516
7.710027 -42.74968 -60.62187
-89.7997 15.68158 38.19101
-20.1879 9.296995 -9.283177
64.0685 101.2399 -1.528448
63.9161 -49.86552 -12.4861
97.6549 -40.92387 29.16588
-28.77074 -12.67311 110.6584
-29.04349 -50.71512 -6.33885
-60.77378 -49.76299 -67.69526
42.437 24.10864 -95.73011
67.7285 58.68806 52.35427
-47.85617 -50.22618 -59.92008
-72.66628 -31.54627 17.50464
24.84399 -34.44252 37.65255
-32.06815 -26.31187 42.4229
-7.411519 50.62078 -98.13242
-41.56672 -3.813576 -91.57021
64.7012 51.17349 79.87505
47.647 55.80658 104.9699
-50.59122 -12.44932 56.12531
0.5521223 47.42477 5.889299
-44.88145 23.52713 -103.0225
98.77546 -57.23068 8.707526
-55.55893 81.91759 28.14011
-75.79276 49.82825 -12.65684
-21.10172 -99.52662 17.42004
-75.58723 87.2073 35.83718
20.66728 -77.13249 -6.953429
72.1732 -87.64582 49.7863
22.0239 -98.1612 29.0318
-14.48411 -50.92591 27.13787
2.705061 -53.40763 85.54158
-8.690597 7.978655 -83.64288
-12.10078 6.553395 -36.43057
36.09636 -20.09879 4.068779
24.78908 33.28804 -47.66188
44.18332 -78.11475 -80.17036
-8.706212 12.30259 115.214
-44.58418 91.94802 36.06744
-26.54506 -11.76188 105.4474
41.15458 -16.05757 -85.43961
-21.8556 -54.79811 47.74965
13.70516 -98.72073 -7.348503
49.28948 91.44082 54.91434
70.99684 -10.32614 55.55457
-58.28566 -11.01066 22.25835
-56.71471 -6.560629 -72.78084
-55.293 39.05593 -17.6419
74.42645 32.22769 -64.57784
83.00639 31.44753 -54.82305
-55.26072 -4.100224 48.79716
-0.7093113 50.77268 -120.759
-45.49871 26.12348 -63.22723
-15.86663 26.44676 1.723352
-36.12737 -7.584645 125.2734
93.72023 -26.62867 -17.76855
6.331342 -36.26638 39.7796
-60.0411 -70.55731 -29.25953
-11.9901 -62.11484 68.08413
-77.62725 34.04224 -81.99226
41.80526 -44.17049 -102.5442
81.6111 19.70062 9.778991
-72.40334 -13.09651 -20.83951
-57.62922 38.13332 101.5392
78.61954 -39.07042 -59.70953
15.59186 45.22256 39.77268
54.71724 -47.78257 63.16746
68.0058 -36.21494 -49.638
-33.84589 43.53495 76.96372
13.40814 26.04527 69.15793
-39.74664 -32.65869 29.07781
22.51853 -63.15188 -50.71833
84.46117 -65.28557 4.876042
13.63379 42.49744 72.17511
42.84572 -22.54532 -59.47864
72.09762 58.37364 -22.53571
-82.41031 -18.28124 0.4916182
-7.24796 -36.43093 30.9502
-37.1281 -75.84507 -21.92238
68.0488 15.79155 74.73132
-11.65922 -63.99302 95.71764
-23.62654 -86.13575 -59.46579
-46.8761 18.08718 -1.230134
-18.38087 -53.16188 19.5213
-31.40587 -47.87398 55.36072
41.84421 -60.26271 30.06083
12.72977 55.76773 22.6818
-63.86862 32.92308 50.66649
9.970477 -61.50365 -50.1563
-41.52871 -2.409086 -47.93536
99.51218 -68.36815 1.695607
-14.58066 -0.4285262 -103.2621
-2.058645 22.30015 72.38071
2.908962 -100.5033 -54.17375
23.98269 48.20678 101.7919
103.3801 -45.1968 14.44428
20.93522 27.40448 -24.85618
-102.8699 2.823882 1.961191
42.6621 67.67103 -10.88157
-64.76295 13.74356 -107.2817
12.35465 -37.48119 53.65281
-36.00479 -4.579513 95.79593
46.64855 7.934595 -56.01609
-109.1115 -1.396327 17.46969
-59.7044 -53.19302 17.09225
-59.2625 71.59882 44.37732
-8.608846 26.49534 75.45384
43.30466 -10.09826 36.07744
76.95969 -0.2379137 66.74128
-76.76075 -52.61788 30.51151
-68.66553 60.33262 -12.5641
-57.68264 19.2862 50.94072
49.75888 -1.914767 93.60719
-44.78671 -18.26047 0.6361232
-110.4215 8.993374 -35.49653
-10.23906 -86.12585 14.97483
-48.89178 -13.81374 3.928541
-13.77021 36.44271 -110.5122
32.04191 -104.9431 -3.30837
57.86355 -68.43977 42.81109
81.73817 25.66521 73.14185
81.41967 57.70258 -40.91399
-31.01598 -73.49606 9.268619
-33.98076 45.9721 100.1765
-27.8368 54.9243 -38.86567
40.08281 98.82307 15.99624
-2.101117 99.63277 -34.66706
-43.36796 3.159672 65.14423
3.254356 -44.04647 63.95468
35.82635 -11.02881 73.87899
-51.69946 -14.27088 -31.14869
31.15365 -108.5803 39.16181
99.56044 -50.05578 7.85434
20.15778 90.95201 28.40218
-86.6445 24.82684 37.5853
100.677 48.08498 20.98109
37.60103 9.860184 102.4433
-61.02284 8.41833 -101.6755
-47.37862 3.385255 53.87255
-36.4199 -9.65305 59.02466
-7.748789 -61.4732 -70.94312
106.9183 -17.43465 1.404702
-99.96905 4.43131 -70.00102
-37.22849 -36.55355 18.39438
68.84343 -17.16339 -32.21137
-15.88908 10.58217 -97.19388
94.35835 24.34214 11.78599
-90.07645 50.46663 20.97657
71.62859 -46.25153 48.4155
-103.2277 -0.4516558 -68.53497
-107.5098 -15.27048 -26.19715
0.9582789 26.70947 17.44573
11.2065 41.92128 36.30253
50.75977 -42.23675 77.37104
35.82595 46.40778 2.637587
95.17558 81.59145 31.24549
55.10954 67.27649 -46.58223
-14.81525 -72.00743 -19.93026
-74.51889 73.37145 15.33169
29.59883 -6.355553 -78.42188
-31.86743 -31.46966 16.0081
35.04526 -68.21072 -2.90185
-39.17071 38.05312 -110.7885
61.97393 -7.124926 21.48504
-47.45502 22.41492 25.95808
-64.12024 -91.76858 24.5336
-91.76547 46.07345 56.8875
47.72494 48.50307 37.22604
18.56362 39.80833 75.00685
13.74226 37.82448 -118.554
-69.7397 60.68893 79.12512
90.60387 -13.97292 -3.453822
81.83601 -44.00896 -0.4804531
-90.42749 1.662713 -13.14293
33.46572 -46.67775 -50.62631
74.14201 -72.07113 -59.61375
48.54475 98.00315 27.90966
15.09734 45.02755 5.968536
54.85815 97.5041 0.9433452
-50.16003 17.91399 76.15439
-12.74032 27.70241 -5.685266
-36.70293 -9.024121 36.14769
-30.11655 15.68409 103.0407
94.54635 -30.51276 9.881599
-9.066123 -6.422184 34.00613
89.57183 25.24029 2.764793
-3.357962 -88.65598 -1.756567
37.33904 77.77895 54.86961
-47.26933 -0.2450431 44.97758
-50.38021 -9.453773 -85.15042
-14.88022 -82.86988 -34.26437
44.15758 -40.3013 -89.88712
-95.33584 -32.31776 43.53102
78.26499 -78.18547 44.12314
55.5008 81.86866 46.79731
-28.78808 41.93478 -72.64603
-23.73698 -36.60485 23.11626
10.59019 -28.37889 26.6817
-29.878 -75.62509 -1.502401
16.0669 -28.12613 -25.7623
45.52377 -51.67896 80.3366
38.82736 -18.56759 53.91144
63.27142 -10.40273 -36.12834
-92.0145 -30.77882 -2.538066
-23.85506 6.474601 73.85181
37.18909 -78.59 63.21461
12.08207 37.50649 -92.74395
28.02649 44.68634 -62.00226
85.59007 -61.94138 20.56964
-1.761868 71.20132 -5.336761
26.15572 41.52407 -84.53447
45.96688 66.61328 64.91972
-74.99634 -75.2316 4.204076
-17.53983 -9.959404 103.7133
-39.99247 -5.28046 40.07264
-93.05107 10.84618 23.30864
12.93871 43.227 -74.18096
58.11589 26.28888 -0.03311747
-26.5707 2.44173 -80.62762
-50.41819 -8.426511 -71.03701
64.28856 35.14138 -37.03983
69.44277 -34.28948 -60.45949
-68.77416 65.997 29.0471
59.19431 1.34394 48.31012
-91.15224 22.82782 -68.36638
13.3545 -30.80058 78.74795
-66.85912 -17.29921 77.44884
-65.63869 -78.91594 0.5791276
92.82851 -51.81049 17.64487
-27.06237 -103.1577 7.567904
16.05524 21.53252 78.51983
-71.97602 1.296435 1.20405
9.602066 43.99643 -54.3882
96.83063 -41.70269 -47.59058
-38.71056 -72.1837 -16.71693
17.89388 -39.3713 -63.50316
74.08751 -24.87741 -62.23119
-21.70534 53.67725 -35.19901
-101.7826 -50.34755 -2.502151
26.67302 -18.06923 -21.33093
99.08248 77.79459 31.23678
41.4002 20.9578 -32.36187
82.95802 51.61165 -7.926859
-95.11015 -2.32851 37.9902
-77.78056 -44.73703 11.8787
-27.1771 40.11554 -129.4191
-88.01751 -10.26335 45.93034
7.893234 -81.33726 -72.49211
-4.422334 89.64193 -2.791605
48.17903 10.21703 -36.04049
-2.341732 -4.697103 22.21409
-75.84715 21.33825 70.77261
19.94518 -19.56379 -18.73753
-43.703 26.21576 98.32323
23.6284 20.13231 -118.7409
-3.396986 107.5752 -21.51945
46.5758 -106.8718 -32.35467
20.53827 69.42925 -36.72738
-35.04911 -42.60067 -43.44128
-33.43209 73.63689 89.21293
-32.14511 -26.26229 -85.9358
18.03464 -53.60331 -57.20756
37.68999 -47.37606 34.73417
-86.03958 60.02203 44.07463
-73.928 -35.93763 -22.05252
48.88873 66.08765 86.18143
80.04879 42.60802 10.18339
43.28291 -30.53433 -92.41627
95.42837 69.90138 -0.02085
60.22174 28.24455 -71.89779
-66.8142 7.37883 -69.34304
4.151697 12.90072 70.30554
35.98896 103.2381 -14.15572
-8.438178 -72.1971 -66.76673
10.31783 -14.98083 19.46136
-24.72021 13.50028 -99.04277
58.56825 -15.02334 45.04214
52.20563 -23.51181 -50.29728
-18.29087 89.2834 -6.982633
-47.83096 1.163344 -98.77286
32.6811 -32.78077 -88.32893
13.64512 -12.58916 78.20432
38.56945 4.871615 -68.01529
-53.65387 -7.480368 -53.90305
9.511827 103.7297 1.7621
-10.8616 -17.17961 -95.15994
-66.4563 -65.2263 -4.112343
-26.0198 -55.73396 -22.31815
76.14481 90.32526 -0.1141708
-27.92478 79.24362 60.50215
8.229168 -50.80287 27.18428
-66.69877 12.99363 -101.929
61.598 111.0772 11.09284
-69.92162 6.144397 8.799848
59.86589 -7.140439 -80.93623
53.46076 96.16678 12.50801
-14.00118 -86.82337 -56.96331
-22.09571 36.5526 7.120694
-85.46303 -44.60186 -39.03368
-98.78384 13.69521 -25.53929
-90.16944 -28.61914 15.97741
-64.82918 20.15707 -14.31897
61.138 -5.184264 89.96291
34.92259 12.48381 -34.14911
116.278 -2.399627 -13.72054
1.032773 -76.74642 -67.97069
70.10864 -36.79919 2.987656
57.92948 80.2618 24.78087
-60.26555 -62.58733 -1.628935
90.92646 -12.98989 -33.86411
21.19427 -56.9864 -54.45803
22.86203 -68.60512 76.38399
37.10481 -94.84473 -21.24219
3.015752 56.90001 3.654993
32.35004 83.94946 -35.43623
5.681527 -20.89381 61.9192
-42.08992 -28.67368 75.5216
27.5268 62.90079 62.37516
42.4134 -14.34089 -36.26415
56.90928 -9.874013 46.1709
76.61671 17.53974 -33.83997
-6.745494 -85.10278 28.40618
-61.81517 -40.98343 13.53539
-51.53075 20.00624 10.59911
-71.95583 54.70405 -53.48197
18.2655 -51.50512 -37.0046
17.68974 68.43708 49.2846
51.825 33.72482 -10.37739
-54.1597 77.29266 9.273939
-36.95448 12.69692 -4.535933
-67.74391 43.52469 41.35505
52.19141 -79.90005 52.45148
66.96869 -81.47145 60.68414
4.160779 -19.4679 26.16088
56.91202 19.18479 53.23227
29.83115 -49.43624 -105.873
51.57277 4.178655 -52.62627
118.8678 -5.777601 -32.54147
-83.13377 75.316 20.98914
42.9358 52.48187 54.43575
-22.41847 -40.97539 -25.66437
-7.770031 -40.62457 45.71211
37.58346 -40.88012 55.10381
17.82915 70.83004 9.804387
76.01389 61.98843 -44.97395
22.09821 -68.32605 44.50038
22.16157 38.02679 34.27973
-63.8392 -91.11504 -16.77601
38.07505 42.84138 -37.56818
36.08235 -54.17379 -72.51952
-46.87615 64.71277 57.97202
50.52785 -90.86664 52.35361
-16.05461 -26.55367 -21.6897
65.9221 -75.33863 13.97555
-32.5886 66.44765 77.52357
-33.43004 27.7973 78.00562
-100.0311 -13.81838 45.65847
-44.5018 29.96532 89.75756
34.86777 -44.50507 -87.60361
53.08824 -97.35869 44.43155
-34.52396 41.95538 -67.71637
-85.18305 5.804004 21.70078
81.95387 -42.78386 -11.70143
-35.09698 -12.01505 -102.2
-12.63675 48.05336 -54.28392
-102.692 -3.769754 23.11858
85.42113 -72.23668 28.81701
-82.76025 -26.21803 18.00543
-79.36129 -16.14318 45.29815
14.70956 34.51326 18.5348
25.36833 -47.54649 -78.07951
46.35482 49.85764 -42.89361
71.82015 80.6036 -32.4229
44.0955 88.44463 17.25874
-23.12138 -30.6484 -70.16471
33.15033 36.55699 46.32981
-41.31393 -63.09223 -9.719729
93.51497 58.99321 -54.89079
63.66296 -24.2958 -17.69725
-64.75272 -9.947295 -74.42899
17.69237 -31.80964 -104.5897
-10.88315 60.13359 3.421979
-63.14427 22.52872 4.846784
20.73793 75.44197 70.23311
-49.26804 -34.45813 -86.31902
4.830677 -29.94972 -27.26326
31.90509 6.812363 -3.871962
-58.93628 23.74528 -110.9901
85.88248 67.36388 32.95332
0.3152128 -64.755 -81.91635
61.12339 74.31828 66.05446
98.39296 56.16618 33.20242
40.25838 52.10707 -9.223476
97.82518 17.70879 -11.69242
47.9025 -15.47541 -50.59753
42.05312 96.46335 10.12228
12.17643 -39.36 35.43872
45.86605 2.065582 58.26123
-84.13035 32.57319 -7.61494
37.24754 -72.07172 12.99145
-58.51098 19.89374 -60.97968
2.011833 22.36503 60.57051
63.73484 38.03195 32.67017
92.18534 -63.40764 49.01083
45.67354 72.46452 34.66673
-12.44152 -22.94389 19.56507
-22.40976 -40.93437 -64.59544
84.75429 -17.09613 27.82296
34.99202 58.18753 46.54765
75.67031 -42.85792 -68.13673
39.48398 -71.02689 -63.08696
-22.75694 -38.40038 -2.421462
-25.77477 -17.4671 -31.20936
-16.97335 -30.58678 61.84977
-44.16203 66.38905 45.92377
20.28576 -42.85656 -73.84656
31.37302 -26.24617 -21.97993
-57.76662 -51.66861 -18.2091
-60.71411 -23.5518 18.79004
-7.380682 1.955042 20.79067
56.95382 87.63162 32.52393
28.71692 12.01801 -67.38025
-72.89089 -17.05713 -3.741702
66.36816 76.51555 -29.95883
-12.13028 -73.67629 -2.069166
44.31052 -32.0893 38.47569
-4.441221 -77.08764 -5.381936
-2.315103 20.70441 86.36643
59.4264 -29.44074 -54.94865
-83.50492 -2.997074 27.87213
32.65256 70.29863 48.39201
28.95444 63.27197 29.70881
6.811214 -84.47172 72.90963
-45.01591 4.920022 -66.53589
-61.78113 31.5222 110.2331
-15.0217 -63.32491 57.38573
-12.31033 -17.05721 -32.75076
-44.09388 75.52407 73.9673
6.248199 -103.3162 33.68587
-31.11238 -79.202 -47.33179
-11.51691 -50.97101 -58.22216
62.24903 -25.00552 68.29011
-1.966893 -63.95333 57.55854
-40.67678 27.54833 74.37585
32.58078 53.24389 35.927
-68.49013 -72.08827 50.19271
38.97257 52.66728 44.41785
63.47944 71.3861 -43.76188
66.15287 -94.64397 26.98813
77.91044 63.49919 -18.97295
-45.23877 -6.641819 -109.065
-47.19281 55.15186 60.422
-30.55163 59.81181 25.92966
-83.15745 41.50015 63.66935
-52.39217 -44.14031 54.81749
40.92509 -37.29206 -7.370695
60.77034 58.31606 52.14147
-3.22998 -4.491515 -25.38009
-19.57363 -60.7956 29.02224
74.90097 -26.54214 -35.81481
53.23781 -58.28483 -83.69304
-65.62448 50.29764 70.03964
-10.99876 -15.11721 -26.9439
54.57678 18.95488 -23.3008
25.7353 33.41045 -90.44299
-14.53127 -21.1375 95.94128
34.36587 -99.33569 41.46843
8.672492 13.90113 58.6656
8.356893 23.49028 -70.3286
-5.056392 -79.3017 -23.47783
-3.690245 109.1031 -2.934562
-32.22584 104.7025 -2.594628
28.09923 97.55713 26.24485
-36.68364 8.209939 -37.12404
12.37653 25.43082 15.68178
15.51543 52.87425 43.97999
16.9169 -86.40158 50.91116
67.64335 -33.80848 64.22901
-60.28998 -6.314085 42.79873
-16.35512 20.95814 -24.47177
66.01207 84.9886 3.371373
59.27626 -11.08708 89.8822
-42.1863 -32.01797 78.45642
52.68626 -24.03602 62.92525
-61.3656 92.14406 5.507782
62.81217 16.12138 70.4239
-36.2149 87.9062 69.60033
45.91837 -47.32447 -43.77684
59.00451 52.06592 -49.59483
57.85287 14.13689 -74.76082
85.24174 36.48977 -41.23746
21.55028 -43.29626 -81.86287
89.97266 61.4784 -6.878676
-3.104739 45.26176 -29.16057
-79.95347 66.64098 38.74185
-22.6178 81.6194 -33.90818
-35.00513 52.40804 -46.82976
-84.77922 36.39592 -18.4949
65.61957 52.21681 58.77254
114.2453 52.86964 33.33461
-39.92897 59.50174 -17.25133
-14.06739 -29.61073 -27.49166
8.138158 -68.5954 -69.7141
-4.833524 -63.48156 94.32755
-62.68436 47.70615 -55.69606
-24.4268 42.64327 -41.47991
27.70515 33.06496 -29.85209
55.25883 1.131583 31.63164
-102.8264 -2.47569 13.904
53.5275 28.25237 61.22701
83.43726 -28.17054 -67.46351
54.21158 8.070392 84.43928
45.12428 -25.23852 -21.08798
73.05007 -0.8034211 -58.53012
-82.75381 46.26477 27.44697
3.641857 -36.24674 -5.042053
-41.29743 -39.83319 -1.46247
-39.08785 78.95728 2.814591
-17.47874 -42.17329 -66.73874
-22.37618 -7.935376 114.92
-65.65157 -19.63163 -39.88252
-22.09898 -95.80843 -39.59345
-35.73482 -69.47581 -60.26165
-35.56397 -53.109 13.75972
31.16601 -78.52812 68.82873
44.37957 -91.11447 25.86409
-24.28295 -50.52134 22.12883
-54.6314 -18.86586 17.63223
-77.07745 35.25293 46.6236
-101.0234 19.94773 -12.559
-78.13969 -6.274784 -48.47185
-63.42448 9.476216 22.96993
26.55406 -59.93867 -74.09634
-6.367068 -63.83477 41.69026
-43.65218 -77.92979 -7.711451
25.2918 29.42624 59.8856
-51.97471 -27.56774 40.69222
24.05241 -90.20082 8.918818
98.09098 67.66888 -7.754424
-102.9097 -20.88557 9.988346
-51.5924 98.01575 31.6646
19.19061 52.54943 -29.4542
-61.528 92.25969 37.18777
97.38564 39.30418 32.88276
51.26624 5.498554 70.94855
5.974689 -51.91732 62.63797
50.20399 -10.53216 97.04861
49.55891 81.14974 62.5637
-42.36694 27.55603 -3.723722
65.12307 78.72609 47.25364
-34.67415 70.80236 46.79406
-97.53623 39.28236 25.3935
-39.63375 73.65321 -23.75793
-2.004594 -72.52438 100.1806
80.57199 -60.75034 24.13759
5.098558 58.06309 -97.00111
8.688519 -36.91952 18.00861
-8.645583 -8.973078 -63.41494
2.526645 16.10009 -87.9442
-24.8264 -5.310019 81.7651
-41.86608 -91.43597 -5.640699
78.94763 86.43671 11.65836
-15.3966 88.19286 -56.65208
-44.8989 50.8698 -63.94175
-58.02173 -14.01149 -81.10892
19.26241 27.51609 -94.9158
-43.0444 111.2196 31.10097
-4.539531 88.12369 -36.57513
-108.0194 30.45187 23.47708
42.02725 38.16002 62.28985
13.29938 -27.50606 52.66803
61.17242 52.80709 -0.4463209
-69.77311 32.16323 -93.6848
-71.01069 -45.16159 -50.63181
-72.38564 -42.42175 -27.25689
23.94788 33.88709 103.7316
-47.99656 -4.104871 -7.957138
-72.70235 35.86879 74.88822
-35.09173 103.8575 -17.46888
-45.31523 -78.06355 28.30837
-82.44093 -16.17118 -20.23488
100.7147 6.199989 -13.13006
28.61852 -9.733453 -45.36063
69.60779 68.48162 10.95434
42.32687 12.08264 38.80505
-27.57511 -82.10005 -4.513517
59.13997 -34.81486 -27.73089
40.90306 -5.456571 -82.4685
41.53136 -26.28274 -37.28936
-45.43099 94.95108 53.98695
73.7327 -13.31381 27.37436
-0.317094 -30.54754 -70.62463
-22.36675 -11.62351 -27.26698
82.57803 -76.31168 9.690008
-49.92278 -26.89656 57.09377
1.759767 75.17612 -82.90697
-43.62442 44.33467 38.60826
-7.203916 -90.02103 -18.27251
94.29517 37.29796 7.907221
7.52493 34.75093 -99.3979
-61.05031 -79.42969 14.35667
46.47352 19.03474 -79.38373
-0.491661 18.23451 -119.8532
-102.1958 17.22383 3.454717
94.07397 31.44687 13.642
-24.14841 -22.31772 -37.45796
-75.09177 87.33545 -36.90766
-19.94037 -6.399995 7.670065
79.94853 -38.82169 -31.23266
61.61081 -4.466267 -21.98436
-49.92041 -77.93951 68.3203
19.17464 41.34714 19.63849
-36.89491 30.98884 -100.6894
-44.90715 98.02528 -5.793709
-44.83212 37.13155 17.81471
-43.98565 -23.59123 -19.39
-74.02106 22.50669 14.16717
-50.52915 -65.19321 13.05078
52.31107 -17.4222 -10.61846
16.91121 -93.8321 14.92908
39.39012 60.24481 96.72602
24.52039 -76.26227 -76.46221
-23.48833 19.5494 2.92126
21.73947 73.84322 79.22566
-83.37231 32.51186 80.63342
-46.9656 -22.02237 -86.95466
27.12572 -81.25581 23.73757
7.664355 -13.85303 -75.6697
76.176 -34.9838 64.95043
44.0598 -52.75266 -74.87103
-117.6598 -27.27936 -26.57346
20.25372 33.97246 61.12898
-22.49527 5.529925 86.58479
-60.17731 -5.605253 -101.5695
-26.34799 -44.39694 -7.99344
51.72556 -25.80324 -89.58731
-45.10489 31.01379 37.46561
-64.81335 -15.18739 16.63028
85.56744 45.67566 -1.24412
28.11619 8.100251 -110.4874
-25.30324 61.64345 -17.13297
-63.95788 51.26884 -30.03438
-82.37576 7.220606 4.44021
-13.53895 -59.12529 -65.03274
-8.092252 -50.08613 10.97217
-56.27679 61.58221 -47.39191
-30.50253 -3.000082 49.87084
73.6945 19.27438 12.95973
-55.26564 33.67192 91.46197
-21.77479 37.6702 58.39532
21.2538 -17.88332 46.5539
61.68955 -93.74631 39.40318
-17.26738 54.70121 35.22005
-59.18829 48.02527 -80.05924
-58.93285 -39.08369 68.13693
-39.86533 -59.94183 47.18848
-5.829956 -14.97171 -39.90532
72.99321 91.91837 9.604928
-56.07701 -86.93741 -13.56476
-1.701619 73.28867 -86.96962
53.79939 -1.219037 -49.88847
-49.48576 5.943727 70.70939
50.98387 19.21954 -39.11857
32.37859 71.8801 34.85014
-49.43169 10.54169 55.66195
13.74581 65.19456 -58.71466
65.02027 5.437635 73.35675
53.64404 -11.44076 71.65281
-23.23652 -57.66146 -65.26364
71.23608 -23.3232 42.14417
-20.03805 -74.50806 47.6411
-112.8839 -15.78495 -40.86026
-11.3978 111.0144 -22.7493
51.85431 38.89966 -88.53293
-22.63897 -88.4489 -25.45749
23.85005 4.590662 -51.48336
-45.82363 -99.71156 8.037141
56.41252 56.07048 25.32241
-62.12175 71.40982 35.78339
76.11057 -10.37471 -36.87344
17.08571 37.9103 -19.04473
-52.5492 -92.58463 6.251539
-48.63646 46.54869 101.1252
59.35916 26.87546 47.87275
-95.63824 -31.64139 20.56916
6.078376 23.6149 72.4485
5.35116 -45.09362 -104.6731
38.10822 -2.138835 39.62639
-69.14687 39.71898 66.82509
-11.50894 47.19589 -107.4089
105.0524 -50.64989 3.40062
2.281923 78.19673 -54.42366
-63.82853 47.61909 -95.35629
-71.00087 96.00094 5.21761
-76.47456 -54.44522 -68.71014
31.64311 33.05614 -51.07032
-20.68056 -84.00149 79.43485
-30.68066 44.25499 57.41372
-17.32734 -2.082617 -74.06746
-11.22611 61.02135 -22.31466
-39.00248 14.31401 6.430917
6.319185 14.70124 -44.73515
53.0797 -6.482712 96.4821
-3.983183 -24.66656 -31.84709
-11.7376 -53.37777 92.55302
-49.0875 -6.950018 44.83552
48.5616 -43.4409 3.557139
-12.23888 36.89986 31.50447
27.30503 -31.96896 -33.98464
-25.08964 -20.73526 48.13564
-12.9788 -33.7854 53.59409
35.40278 -20.33925 -42.67347
-65.66569 -15.71495 -60.83876
104.9523 44.41793 4.764563
-36.58382 -59.99407 16.90656
61.23327 4.796845 -6.212057
-21.69019 -79.23213 -8.74626
26.90645 -25.7079 -83.12624
-44.02873 33.71413 110.0952
-4.865916 -77.85638 -30.325
40.81988 -80.05556 46.94758
-15.24183 -46.78868 63.22591
54.45164 -10.78138 88.25634
-81.82208 -63.1908 -0.463294
26.15672 86.54447 -10.8755
-4.367445 84.35579 -20.96739
-18.19007 -40.68576 28.61004
81.77679 -30.38109 -5.847342
-21.86527 -80.87637 -63.2906
18.25598 -72.62086 31.96961
13.38193 -85.54906 30.05272
-9.86399 31.79393 85.3902
-0.7440994 42.557 -41.50439
49.98986 -15.06644 -61.04886
39.34965 100.0696 -0.997956
62.24043 -60.26214 -13.72292
16.56591 27.31105 -68.23502
84.53497 -28.31152 26.90326
-79.89995 -52.76117 -79.60119
-75.42406 69.15565 27.27508
48.23745 13.30557 46.76009
37.80383 43.54118 99.11228
46.11789 -17.5541 -107.5038
-54.95114 -56.92237 54.15168
-98.98937 -1.313421 -74.78139
-0.3448311 -21.77058 -87.64089
-59.32071 -74.21719 -49.18649
-23.32428 -79.48357 21.44206
3.646105 -24.18831 56.52312
72.18214 -86.9496 14.21934
42.26648 23.29179 35.81531
29.70973 57.56942 -58.93978
-20.78053 -3.740209 23.51829
98.1315 18.95428 -26.92148
35.25033 88.10028 -13.32618
81.56034 -18.71247 -14.16443
-54.48312 4.11644 21.39819
-50.55409 10.74826 73.9925
-90.82762 0.8232635 17.90175
33.91223 -3.750369 2.176097
67.70418 -17.25407 70.164
63.4725 -32.68557 55.73701
19.31044 -42.68143 -43.25365
69.80698 -5.901013 -54.18465
13.44695 51.48821 -40.47198
-28.98615 -2.294509 25.4126
-95.9487 38.16982 57.17505
27.01249 -72.86558 32.75016
24.29409 55.15278 -16.08158
27.34888 -43.2602 -124.0977
-57.22404 -31.77533 -17.77507
-45.01233 -38.12322 -24.33427
18.41872 -60.90083 102.2365
-47.82413 22.09315 51.9319
-67.8224 -2.989762 -81.24431
47.35088 -51.97776 -56.91948
75.82696 40.02739 -35.43295
-104.4895 -28.82889 -53.76463
-51.47615 -15.73088 14.70226
33.80989 -55.95323 -81.55814
31.06369 -44.03114 31.68363
-7.894994 -52.2469 4.760702
-35.45103 -62.5707 -57.04202
7.147961 -1.716324 -19.25845
69.82404 -45.22261 27.13211
20.09171 67.71549 43.52446
19.7777 34.85485 -33.8719
-46.94288 28.74174 114.1354
41.38342 52.29973 66.68811
56.78547 -16.41069 -56.99845
-24.83569 -3.147921 76.07628
20.72595 -85.79411 74.22788
-28.90822 13.59847 -60.19019
95.55611 -17.83018 -19.37739
-65.91199 -25.17367 5.187617
-82.88879 89.56344 -1.632775
-5.438968 -42.52306 -71.04809
31.83658 -54.48528 70.71259
-91.8102 -10.77262 -46.19994
9.502139 51.74196 -51.1043
-52.72493 -67.83041 35.72184
-102.317 -22.84534 -58.03212
40.34932 -47.25716 47.74221
-24.94278 11.91579 7.781423
-2.797174 77.75365 -39.22363
33.02865 29.24768 88.44245
-44.47126 -22.56257 -76.01823
-43.08438 11.73039 -20.09163
32.27178 -67.18152 -63.05713
-102.8837 -15.55621 27.97079
-21.88009 -91.9201 -16.91377
61.96703 2.141416 17.59825
77.30215 -50.85876 8.135521
18.79981 -91.66315 49.86809
-73.20105 -22.08844 2.769923
-29.87592 -45.48726 6.494222
-45.27159 -18.58076 99.36085
49.43713 -91.9949 18.05481
-50.76458 91.08257 -49.95954
-83.28493 -9.322342 -50.45097
-26.1734 -26.2822 -53.76382
-50.77058 68.49963 -77.0937
-29.69372 92.15617 37.49405
-86.80994 94.58381 -15.85658
24.58339 45.44986 17.4382
-31.05592 15.89139 109.2072
0.7988336 19.80658 47.93098
-9.153763 -38.978 -5.594045
-29.08773 50.39328 78.25114
6.194604 -1.555714 109.4234
28.13515 -54.42784 -44.14832
11.09286 -68.3614 16.53541
36.50708 65.16947 -68.91998
-66.83888 104.246 -22.84933
75.91582 71.02805 -35.5904
68.73145 38.0583 2.499759
-26.66149 -20.3154 59.04309
49.37642 -44.28655 -11.28872
100.169 39.07086 -2.68867
10.04624 -75.82678 64.56802
-26.72763 -10.95952 -36.22186
-55.97447 -11.45198 15.51978
-19.26036 -67.96922 -51.5507
-83.60704 1.89896 -39.86146
33.724 -85.7032 34.8909
38.80046 -62.83675 -38.75352
-69.22506 16.23015 -40.70725
40.93665 -38.31484 -50.89047
13.19709 31.70459 -1.080374
-18.14003 83.01849 18.2997
-16.02901 -30.5742 9.074325
-9.737103 14.16778 -42.31506
-6.993127 -8.701842 57.81649
60.36519 90.21628 -12.50169
27.72425 -87.41618 -90.825
-31.22543 -61.73323 -39.62362
-88.99149 -7.894978 -66.13801
25.0308 12.14745 51.5314
-37.92677 -36.24791 -66.02212
99.02432 29.32864 18.22961
-30.93694 -62.10904 40.20831
-92.10762 60.17176 32.88951
80.84517 -20.22107 42.71925
31.65563 -70.68374 57.15783
-18.82954 31.89157 40.04534
-60.57566 25.95383 -15.43746
53.90116 9.793019 -32.25435
-53.05687 -52.43952 -59.81445
68.93798 77.31768 89.66702
63.13653 -29.64524 -92.77931
-84.96539 55.56306 49.5292
-80.11446 -3.63095 -40.62881
24.73459 91.8407 -1.143395
55.24036 56.7569 56.34563
12.63081 -71.68758 -33.66338
-57.56529 -14.07532 -47.78733
-60.78326 3.531739 -76.05844
-55.00093 31.49417 -29.45555
-29.74515 -55.5663 73.63917
16.50877 37.29744 36.57869
-30.02874 -59.97426 -0.10482
13.06719 -86.54816 -2.91036
-6.423435 82.86566 -40.28392
89.13675 62.74561 23.94493
-37.00482 -28.94945 36.72702
-123.033 -22.08082 -31.60921
24.0498 54.69437 91.16382
-19.63258 109.1597 -9.85531
53.91835 -81.8994 -59.55055
95.72243 34.09095 37.12111
14.92516 2.935188 56.37505
-31.91911 58.49105 -0.5489317
-1.692688 -7.085254 -30.96949
-42.69238 23.95725 7.45318
5.391445 -46.42713 -82.35976
-62.0346 4.404955 24.95301
42.45041 66.04901 -45.55256
-49.38458 34.50029 -21.97067
8.604635 -59.10095 66.87901
-50.73458 -0.1228152 61.44273
42.15817 37.08226 13.3872
-48.2767 12.96655 -104.0598
-52.85326 -87.14689 -35.51085
86.5304 -15.62337 -34.49169
46.15759 -58.46077 -71.43349
-70.06924 20.47178 97.68861
72.62901 -19.91713 11.36094
47.7159 -0.8109254 -105.2884
54.72863 -21.81627 82.19772
-6.714353 87.00509 1.803825
24.96663 68.89186 -5.813978
76.81084 -43.78938 -6.729061
15.0641 -0.3530954 105.4807
64.50492 80.9155 37.48232
110.7542 34.112 -4.925909
-2.067792 89.24782 -51.77004
33.16687 -95.53152 2.65181
45.77206 -72.65981 24.57508
-40.48994 -25.67532 -79.14768
-17.33224 57.82157 -38.5703
89.66522 -42.3289 10.25655
1.520174 -27.66787 76.52223
-5.678647 -24.86944 -15.48198
21.84597 -13.56377 33.70057
-17.76717 31.03889 9.568026
-97.73544 -10.66884 16.4673
8.015768 35.9706 26.41896
26.07874 36.77143 -96.47268
-48.30834 33.88189 61.74081
-13.12155 77.36301 -31.70404
28.53613 47.09911 71.79124
81.71584 -31.45396 2.68339
-68.06004 51.60341 25.68282
-106.8153 -11.54913 -41.57937
68.59779 -114.1192 -28.35166
62.87795 -51.38202 31.45823
86.04283 -40.63612 19.87136
-23.47979 -34.09621 33.37461
-107.295 15.57243 -65.95059
-60.96491 34.17856 -23.38704
3.94762 -3.216711 43.03531
74.25307 73.56721 -31.86121
60.36311 -22.38587 -56.21453
-63.76897 53.27747 -51.1077
57.40422 100.3636 15.14605
90.12059 -35.80569 -50.27801
99.80991 -12.08861 15.09834
8.175068 76.52413 -2.337422
33.17496 -35.1988 -79.71074
12.85428 -51.59446 67.23025
66.8308 -4.696377 75.56226
-40.55489 36.12716 7.598143
-76.26698 -18.15897 35.62709
-35.24406 -28.51284 -68.66531
-5.008956 49.18922 45.4066
32.44689 -31.82587 -52.02274
-86.21766 -29.01361 30.31717
-15.05321 -79.98737 21.56453
-12.61582 -30.4808 -53.49128
-54.24733 -70.8674 67.16129
-6.795916 73.05341 -81.80267
-65.88979 28.19795 -48.84216
78.85434 -4.371236 -34.16438
31.18874 -75.74847 -99.78714
85.7646 -59.02926 -19.77099
13.15447 65.51521 -51.32361
0.4040655 -78.44351 -57.52266
-22.30722 69.44392 81.25378
-11.39941 -100.1009 -14.37778
-68.45677 22.11911 49.71152
-94.10735 24.14762 -14.31075
39.87686 5.781409 -42.82635
0.9253262 34.35238 -46.74411
-71.91746 -67.45717 -40.38303
75.73432 -31.0973 50.30906
-26.64246 37.76382 -8.850132
77.03822 -85.35609 24.33834
-36.08305 -53.49336 -19.26594
-8.037467 -15.24157 -10.53219
2.218547 7.143756 -99.59639
-77.59431 -20.31618 -56.18959
36.48752 44.33103 -56.30121
-75.28702 -28.09509 -15.87879
44.63378 36.1464 -76.08161
-1.528877 13.69325 -42.31495
98.52027 12.09643 9.477673
-77.7692 18.91133 57.92763
-49.42263 -27.92131 -41.09912
70.55109 -52.87604 20.72003
-3.951427 -24.99047 -59.31629
-79.41806 42.85345 38.87445
27.00048 -83.66451 64.69168
33.99523 -58.30761 -9.814857
25.11792 50.87284 79.55139
94.57932 -39.83966 14.3132
-20.31679 28.11285 19.40941
-78.52055 -40.97021 -75.48792
16.06757 -80.41508 50.81716
64.30285 -9.937743 -27.15824
15.83334 -66.15154 68.64444
80.96552 23.52197 -55.22568
14.2987 59.5108 90.18693
93.21823 76.5216 12.33929
-25.79969 104.4241 8.859766
53.37461 -18.54085 91.07609
97.61946 2.749132 -5.6253
11.32846 -38.96346 -44.92155
-8.196983 -56.33788 29.57121
103.4166 63.1885 1.584005
-88.93452 23.46939 -78.27868
27.26346 -52.27831 -20.00188
24.7337 -64.7946 -65.53328
-32.40692 58.59695 21.7648
-68.96436 19.29005 -90.10821
-78.47446 61.08078 7.810323
-70.6271 -2.473548 -88.49244
-49.48889 -1.240634 -40.40497
-15.76679 80.95126 51.81944
66.56087 -54.13823 -4.104876
26.12865 -116.3619 25.53612
3.345958 33.37223 68.49324
-89.38867 28.72443 -28.5615
33.78362 22.46227 -1.156524
-10.45248 25.43439 4.538774
46.19251 -9.335925 45.45704
-19.70763 60.55552 -3.742417
4.610391 48.83698 -105.6604
-78.79687 71.52547 15.50744
-58.86577 24.87492 -4.684242
60.84531 -73.2209 -0.5547447
3.240826 9.444869 34.53162
-68.77294 -0.9452942 -26.61
-21.87548 48.30105 12.23829
-14.93716 61.52778 -56.8733
-21.1295 -2.362602 36.88964
-24.63604 -1.999236 -80.04259
32.91361 -11.01525 -26.2646
17.993 -21.88399 24.16784
-28.89875 29.12898 99.09032
-86.66087 -20.22482 24.87741
15.37354 -70.57969 8.772182
31.69053 92.28823 -33.22202
-17.52831 36.51822 -107.3646
53.2803 -16.51528 62.23445
10.00319 106.8101 -15.69931
-16.59686 -49.28265 -44.5113
-23.06334 26.94351 112.2573
-18.51912 9.457047 76.68127
-28.70954 72.957 -72.5885
5.477067 105.6273 14.49296
56.36278 7.960659 -7.075567
77.5364 0.9343146 15.95857
1.123012 25.81927 65.57678
-121.4875 -27.01891 -59.88955
-19.04928 39.91011 75.59044
64.10377 67.16692 -30.9879
45.76046 -21.3836 87.67981
8.556484 -2.912961 -6.760239
19.82464 64.34057 88.18841
64.77263 97.94183 13.83915
-14.02082 59.7202 67.54682
-86.26348 -8.297801 -19.98939
81.05471 13.26601 2.266663
45.51949 10.47025 -14.40913
36.46351 16.30724 -66.9482
4.660074 88.77132 -28.325
36.13485 -82.23698 -9.011227
-1.617449 -95.76858 20.57897
30.58691 -50.77394 42.17034
-6.826602 82.44678 -6.688159
113.5191 -50.0638 -25.68619
-53.64827 69.67384 -64.71743
-92.72482 -15.55433 12.14385
53.12386 43.98123 35.58699
37.45283 -64.73739 64.84003
-55.37328 21.06394 -81.76226
29.38009 25.50142 -99.19367
67.18567 28.14908 -63.88093
-43.5315 91.82001 1.831982
-33.86253 60.64522 -27.69272
57.37423 -37.21924 -67.0396
42.95401 -59.51267 -95.78414
-72.98693 58.46505 -37.10096
-0.9652206 37.06145 -115.7739
-68.25777 -38.40586 -17.29892
63.58353 -4.189713 6.279403
-26.91689 12.51466 20.20004
-16.43133 25.31645 -84.87338
-79.59492 -19.33714 -30.71397
-14.76029 -50.24574 46.03971
-71.15162 46.06944 86.18742
-89.61733 -19.77025 -44.47638
50.70584 -73.55667 -80.03953
33.21008 -52.16069 -56.59106
-14.93856 57.12259 -46.74183
-99.72772 25.54088 18.70878
64.3708 -47.97464 -5.433185
69.31181 -52.3566 51.86177
-27.45552 -42.16445 58.27784
32.66459 -48.49557 8.503462
-37.03316 -46.34249 -10.72827
81.18764 10.54121 -62.46799
-51.93042 40.49874 -61.0924
-61.91126 -7.701364 54.67575
-37.70085 91.10654 -15.2948
-5.85403 -76.04189 92.24316
-40.11412 3.352718 120.1028
-61.59904 -24.08444 29.57002
-53.38347 -35.80933 34.12058
-63.80536 57.3844 62.0573
-20.71413 21.70946 -98.84668
53.80279 27.00193 96.68398
-15.77371 -68.95539 -57.83487
108.4127 -36.30342 -16.41203
-3.809205 -10.81207 101.3982
-88.94563 71.23119 36.83379
-30.78321 -51.74793 -24.1361
109.8047 43.82843 30.17239
-87.42391 11.69441 -28.94248
59.28649 1.801995 94.06896
30.62384 19.63259 49.973
-48.7962 10.37705 -21.62165
106.6909 57.50937 -1.91384
97.71937 -4.431808 10.93454
-56.38572 -18.84205 23.81649
25.49032 -59.43676 -19.86664
-66.27585 -26.34778 -51.60786
103.1701 -44.72574 -32.76761
69.45152 17.13637 -68.76961
-15.8642 -45.32667 -4.085283
-13.35825 -56.37688 65.66388
2.07389 -80.19753 -62.90677
-41.74987 -36.60014 -68.10273
4.338226 -52.69335 -83.49252
-76.54741 92.38564 24.08765
27.82976 25.85916 9.327913
-28.23093 66.51844 59.39634
-28.03331 66.26488 92.04089
-54.57597 -0.1673037 12.54332
-94.56174 28.01284 -28.18088
33.21929 102.2158 -8.797554
-19.65115 -12.05468 25.6062
65.84064 16.85898 3.910094
64.2607 14.79066 -77.96777
-36.6942 19.10261 -101.2912
19.7052 27.39041 -88.2338
-60.70208 -16.03163 -55.54413
-94.79308 57.76554 -24.01545
32.47211 -81.57803 -92.00184
63.59956 22.38909 -6.523531
-59.9697 -14.74162 8.607602
-91.64714 -23.88208 6.63084
-2.251799 -31.39317 81.11791
-24.67495 0.2475068 103.3069
15.97768 69.14808 -94.35361
85.21069 81.78313 -7.227521
-47.25222 -62.60837 68.37846
72.68933 -17.49984 102.1886
22.45721 47.61666 6.065752
76.6507 77.12988 -11.26478
16.17952 -88.2294 -59.64968
-14.33224 -38.26345 101.025
98.36992 -54.25074 -31.0359
-49.91854 4.365678 31.64264
20.20203 -39.02229 -48.90992
-19.18971 57.30772 47.79213
17.54504 -19.55564 55.68726
106.0321 21.3834 -37.81778
23.44112 95.69918 -18.2527
-9.970651 -76.70927 -69.8194
48.58605 -67.1972 24.25609
66.05216 86.34454 -5.04362
109.8134 -25.00507 -23.43268
20.495 105.9665 -4.771196
4.299837 -14.20323 9.778912
86.03519 19.81762 -58.6983
7.998414 -23.52506 1.584994
17.823 -15.16401 -27.44919
-14.15841 -58.22874 0.605958
-28.91677 34.26744 51.51598
-2.924453 -12.994 -22.02518
-16.6041 71.55064 23.01422
34.24038 47.67648 40.94431
-10.31966 73.28442 89.19184
-34.25542 -69.85752 26.97622
-33.22765 26.74929 98.93562
-19.00413 -5.031944 68.21449
-98.76762 58.19703 55.38125
-66.9725 2.823834 -88.5111
-16.34838 -64.77556 -2.173285
9.533792 78.23358 -58.5738
-13.67656 45.06355 -19.01083
-90.64211 54.07197 11.6449
35.9366 28.77435 48.45673
-5.654169 -91.86198 0.8577913
8.912289 76.10056 -48.39344
-44.68186 10.57511 -80.80522
-49.50656 -34.60302 82.79068
1.573744 8.228835 20.87929
-62.16371 -22.63186 -21.25587
81.99772 59.59499 -46.55746
2.147915 -37.73298 -70.44764
-50.54408 -62.82653 -57.19201
-85.3539 71.90251 27.59112
-51.57168 22.22463 102.74
-4.977525 -63.12419 84.59428
86.14395 75.50705 -11.32171
-46.50697 -41.26805 -13.72381
-55.94675 -45.97214 -33.1403
-59.59981 -76.93046 -44.50216
77.46918 74.39588 1.718547
-2.659035 -68.2636 -64.76922
-10.01304 -12.90607 64.13502
-6.073646 10.51155 73.46276
70.27475 79.55462 -26.00702
-63.24892 9.162183 14.77767
-44.16837 58.19856 64.57396
-86.87583 -34.11112 34.96852
-59.01907 57.57399 18.73656
91.79424 47.21449 -20.89574
83.72625 27.87081 -7.038516
-19.10744 -59.89536 -16.69832
8.528414 -65.67224 42.38322
-94.25132 65.54447 44.16347
-65.76278 -101.0489 -17.14963
-63.04238 1.866889 7.506503
62.61536 -86.3058 42.92879
40.62346 9.018504 -80.70282
102.0406 14.07665 -6.505013
-47.75522 -89.70814 12.89213
41.65222 6.710424 -30.70932
34.00217 -25.49511 -86.82416
-19.95464 34.30687 21.36805
-1.945976 89.47497 59.6022
35.75863 -52.66304 19.94122
-21.07566 110.0106 -30.34782
-15.76742 5.408826 10.73961
-61.21052 -19.28218 41.5067
-2.445185 81.97545 -68.80502
-109.0662 -26.78416 -32.26075
-64.52811 27.30218 20.96944
61.84437 -85.77127 -69.09849
29.99467 109.3532 -5.019107
-11.00111 -37.96002 51.00526
63.92449 -9.411098 -85.96474
-79.21489 12.75681 -31.75986
-69.30952 -17.424 37.71769
38.03448 2.816271 23.70826
-112.7772 -14.47768 -55.19172
-10.36751 -61.97561 34.07266
-44.07727 -40.56252 -47.15889
-22.5597 45.08043 -98.22612
-4.971309 -67.67979 -47.08208
-19.953 -60.66112 -7.956463
-16.68905 18.12531 72.75861
-34.69975 19.18036 41.66719
13.61582 21.08885 113.1075
-75.5948 -45.11717 50.8698
44.26693 -36.48317 -59.89261
-98.89852 1.313695 -12.93814
-105.2584 82.24094 -0.6165388
4.716361 -111.6077 15.3733
-12.61245 -25.19841 41.08422
-4.912504 -10.25973 74.41429
75.87894 17.93476 40.37364
43.75966 -25.67759 24.16677
-115.0364 -23.13194 -52.01186
-17.35743 -7.752347 -65.34536
34.71766 -37.01921 -47.58103
12.22016 5.25076 90.50875
5.554928 -68.70758 68.78386
70.71033 21.06583 -59.54844
-103.445 2.686117 16.09584
-84.73906 23.58362 70.00365
51.84889 -3.946988 56.03259
-81.1928 70.35629 -24.89457
50.0614 -19.52102 98.31425
-53.9374 -92.49344 -1.797715
34.71929 24.92899 -31.99918
75.95754 22.70493 -102.1766
-33.26549 -16.53268 77.89295
-7.626379 -76.07858 -60.48756
20.97292 42.31433 0.532452
5.279778 68.55523 -61.13081
5.584129 -49.68897 -52.19011
68.49991 -54.30582 39.19687
-35.864 -92.73515 19.31773
55.32402 -20.92021 46.58504
58.99514 -96.42399 25.9403
-9.063595 81.89577 5.151299
-8.362569 61.09378 -42.06929
81.50365 69.55025 -27.70505
51.6734 10.89245 55.25061
34.9086 -43.84241 -45.93723
4.495708 -61.32628 -94.76957
-60.58529 22.95417 66.11322
16.12981 -105.5699 82.03848
-44.74668 -43.19457 19.6684
-35.08932 52.298 -23.6657
24.17163 -6.988007 -61.72281
-18.19412 10.92336 65.33311
-74.93053 -25.94191 -49.01106
-72.39155 -3.240795 17.94257
-91.45822 -20.2082 -32.36926
-29.41372 -61.46913 -18.09852
65.91613 4.351112 -82.64893
37.50903 0.2202806 -36.35464
35.60993 -85.95372 1.974556
50.31786 47.08794 76.04391
-59.65981 31.04567 -99.84994
-79.81334 -55.71573 11.89738
42.88182 16.15141 55.15435
94.673 -48.52039 -49.43953
42.95935 -42.82381 43.02691
62.53731 -81.13411 12.88554
78.27518 13.13275 -73.8262
-68.92896 -19.38198 23.82474
68.93388 -63.0377 46.69941
-7.935003 -0.03410474 3.776589
-4.403031 80.92661 80.99813
-62.0654 -21.73204 -47.99098
-61.79703 17.94252 -46.80109
71.36317 3.721151 23.68154
-62.53797 -14.14746 -76.751
95.38245 -70.34373 9.318291
8.263735 -101.3037 -0.119181
-49.94789 29.80324 -1.870733
57.18884 54.56279 9.826845
30.83612 -67.33816 32.18206
-23.14231 67.23481 28.75071
-8.837422 6.398437 1.900497
-49.14205 46.34281 7.431791
56.0156 91.15701 22.44937
-62.20832 7.045316 -53.34893
98.6581 -15.20511 19.55029
89.74294 -73.58811 14.68018
-70.41395 -54.17315 -48.92242
29.95191 58.58298 34.29404
-60.12833 70.38038 51.53199
25.68937 -26.84907 50.68681
101.4402 -62.39626 -2.494643
-41.8588 104.0994 38.50762
-16.92665 19.20565 89.54228
23.39198 -45.78432 -58.92229
-30.98283 11.63 -67.06843
24.1316 -85.18776 37.64182
-10.86632 48.3834 54.50465
-9.66844 -68.73724 82.04861
-16.03529 40.52904 -4.147449
75.50128 56.09184 -40.69386
24.98625 -41.06595 13.98714
-40.95536 63.0353 -0.9114388
53.2775 4.985907 -84.99409
47.77685 99.97279 -2.49158
-52.54088 1.704847 5.59928
-89.62881 12.88821 -17.59356
-33.31081 -20.69838 55.61253
-33.6631 -62.33347 -5.063085
-51.09663 -17.02484 -15.38401
-67.60971 25.66467 -90.33452
-75.66689 31.60406 -78.59654
99.37524 -75.63604 -3.999574
21.04327 -24.95513 -24.72512
-40.79165 -48.16703 41.9591
12.09961 -41.63604 19.35437
39.04761 -3.177604 80.17344
99.29606 -42.71554 17.81622
51.98605 -49.3934 -21.18424
19.55237 73.89576 21.56651
45.07146 61.63476 76.26414
-38.45175 85.17855 -21.36962
77.11095 77.58879 20.64481
-66.12036 -6.426244 -45.35374
46.64715 48.60712 8.97924
59.10334 -49.04652 30.85181
53.30012 41.21383 -16.67016
81.00536 -77.83656 1.421264
-25.7058 -55.26269 -48.49367
7.915404 -36.08718 -46.61889
-63.19456 -34.82384 49.39586
88.7467 17.50837 6.430921
64.15179 -80.9495 -10.71917
-80.1311 4.864991 -0.9988245
1.907854 -85.29895 15.47413
-25.46428 -71.07458 -13.29523
-4.366419 26.20208 -102.2339
-51.8713 20.03397 3.765403
39.11596 1.8247 2.971335
62.58029 -36.83355 23.82601
-77.52382 25.92057 84.3194
-27.10711 -63.64539 4.504677
-21.87811 -28.99541 -78.63853
-56.95828 -94.28337 9.064819
-81.49016 43.83222 57.61327
55.95698 -78.80788 -9.307167
-26.3675 -85.69946 16.78436
-13.79408 -19.38912 5.003391
-28.77361 41.89898 22.79345
-26.46877 -75.34348 -50.739
-54.43589 39.71466 -82.86488
48.25807 -53.96164 -4.191882
56.70516 61.77819 45.14138
-52.2965 7.168616 -28.82504
78.84936 16.57971 5.522583
67.46803 -24.45331 -44.86493
-5.806519 15.65917 13.52824
-80.66662 -2.670702 6.1597
95.87215 -63.47714 31.00528
76.30299 79.56891 42.23018
-35.28136 75.89032 38.34698
-17.51547 5.286498 77.59972
-18.89987 61.35754 35.26559
-44.21714 42.18551 -116.6532
3.188141 -79.92213 26.66234
-11.08156 53.17987 69.58035
-4.382145 -32.4336 -88.90239
-15.84432 71.0348 8.905297
-65.43323 -59.02745 -2.174071
90.64197 59.55679 32.81869
27.17813 34.70645 -9.014629
-38.29116 -84.61057 -56.33398
26.79042 68.39989 -50.17582
-14.86822 38.52077 79.83242
-54.11488 39.67404 92.5837
7.32732 47.59439 -78.34635
7.99615 63.54742 1.853523
106.3539 -39.0359 6.663954
-57.46864 14.8209 62.68102
14.23291 -5.957724 49.8494
-29.77201 -2.919785 -52.41427
92.40351 5.108165 -42.77369
90.44275 66.11043 -7.288827
3.510216 -73.49286 17.20617
-92.8128 -40.26965 46.8608
-23.3212 -23.14065 -30.97958
-40.17089 -43.93501 -32.7956
28.64107 34.16943 5.684705
65.43224 38.35028 60.06578
38.35138 46.17764 81.79898
-54.52834 -63.00792 -50.85227
-1.78662 1.782489 -100.5792
13.85786 63.45133 86.62666
38.79156 -31.15999 44.06691
12.21327 37.95132 -52.68032
-30.79913 37.49831 42.62264
12.7404 -93.1301 51.28265
73.32992 -27.15185 14.20683
-87.77656 -7.957284 -33.69213
65.81083 -95.0836 -19.35145
-59.9175 44.8233 70.06468
-11.14806 -49.82341 -18.35457
-79.66631 65.43822 48.53663
-37.18836 -80.59888 39.12118
-0.2615596 -72.15511 -33.83118
-39.48579 70.91201 75.97114
62.75264 56.34793 73.38596
66.30135 78.31748 -16.94231
49.80326 -20.7673 56.82116
19.35604 -65.32039 -79.69989
-7.538218 12.05357 -58.82888
-33.69932 95.29619 -27.59114
3.10914 41.0368 12.51369
67.04639 40.40003 -64.39866
51.697 4.970666 -4.097234
89.33306 32.79001 -55.16316
-66.75722 -50.72706 49.82674
-73.12968 -7.30633 -39.82857
66.71954 -75.65292 50.42029
29.05898 -79.28036 4.178975
-47.59583 -70.81779 -44.86315
-61.54802 23.0433 -55.53783
-27.79936 70.69727 -37.41613
-66.21421 11.964 56.70848
29.25996 3.146782 -56.66347
-18.84219 -115.0289 29.84573
82.92053 -81.84425 26.66661
-13.38952 -46.58043 -28.03714
-36.92846 -3.229117 89.8982
-0.296505 -46.13895 -63.9908
-46.0472 6.089283 -86.91985
-44.77987 67.37424 14.43709
62.97241 26.51142 -90.89924
-89.93907 1.354496 -85.74839
26.18093 -89.06498 26.76539
92.68937 -37.78191 -34.12326
97.56441 59.37717 -3.275222
-96.53966 -25.50315 26.90585
-26.7472 -21.09131 70.89248
-39.1846 32.27048 50.4003
-42.92958 134.8375 -26.80313
29.07194 81.6496 -12.23547
109.4328 75.08773 30.83092
78.26822 27.72364 60.48925
-40.68388 8.156546 38.92166
-47.1792 -9.043227 -59.16929
-64.9068 79.32748 34.85577
-29.00547 40.28877 31.88637
-51.62997 -74.9213 -48.82187
19.62464 10.06609 -112.2852
-40.48362 2.795914 115.5731
74.15777 88.10313 15.41004
-78.24626 24.34019 41.42268
10.58311 -59.99636 79.28476
-14.36096 48.13002 15.63955
-52.26685 -89.98927 -10.76721
98.96066 -53.51401 26.32884
-52.09962 25.32685 -81.50845
-105.1134 -1.36305 -42.17925
4.793267 -23.75867 -18.20803
51.68434 -39.75965 -35.37731
2.899249 -41.76702 -84.89509
-48.51583 -71.91655 -56.62655
-22.86924 42.04721 -87.65982
7.936398 -21.19967 -53.29849
37.89104 15.42342 -76.65942
-23.96953 69.9093 -24.03788
-8.518 40.14849 -103.3315
-93.61282 9.382513 -80.91988
-15.90645 4.087836 -24.77645
-42.30951 7.285002 90.54733
6.012576 58.96318 -5.418937
39.32816 -68.99183 -56.3574
71.50686 27.26856 61.28846
-85.9656 -22.9355 -39.37541
5.01027 47.10437 -117.6626
28.18267 71.30949 81.63223
-42.48055 70.18765 38.13107
-18.60566 -71.42423 36.17646
32.31297 8.412772 -111.9038
-82.78758 58.93467 -4.56144
10.67375 -66.34869 -95.61089
54.35919 62.52879 11.4652
11.47912 -8.685001 19.06419
-42.92658 24.82289 103.8247
-20.35702 57.17352 22.68
-44.94896 85.21915 65.73888
-7.05225 -53.59389 -63.70418
-37.82667 102.776 49.33385
76.23951 -41.26524 -52.63878
-38.9464 -87.09862 13.63433
85.54234 1.946555 -23.03953
98.23077 -28.09263 -47.63971
-69.28917 77.58962 -15.31293
-18.42845 -47.93475 4.583519
-3.671535 -83.58791 47.77335
58.73214 -37.35778 74.8959
37.83992 2.515127 -11.24253
84.03077 73.79314 -17.46711
-54.20191 42.11694 17.87333
-59.76392 -60.91792 47.2554
49.47935 101.3315 11.57646
-103.1851 -42.40617 22.50936
-63.11399 50.51815 99.66669
-15.99583 48.33564 85.83283
-6.444941 50.08643 73.82222
-79.50791 -21.57485 44.20744
-92.95609 -24.83631 -74.05805
44.02221 44.73864 49.6425
95.44731 -50.48812 0.1309641
18.44382 -111.7883 28.28278
43.75505 -86.56554 11.68906
-39.06388 19.77099 -1.481752
-70.97923 30.81697 58.0612
-38.97909 -34.25168 7.922366
-59.08796 -43.42222 30.35906
-8.985207 73.79882 -73.1287
5.328395 -67.54878 -91.46971
-75.34933 2.580499 82.23856
44.7586 31.40531 6.956245
78.46039 47.72718 45.98518
-28.02026 65.46092 71.61945
41.74192 -16.50432 -45.58774
-10.30793 6.92204 10.48314
66.33907 53.28713 -8.320045
-51.3756 77.25518 59.73387
39.16529 83.28851 41.05743
20.43833 -86.95196 2.219529
-35.41819 -96.8286 -10.28216
58.77356 -12.91035 72.25848
-1.274431 -31.84309 -127.101
35.80473 -32.81442 -61.96124
-38.11242 5.16504 -17.01423
-83.76139 -26.42038 56.04748
92.58804 54.717 -29.8447
86.96481 -55.15339 5.154348
41.15427 -71.88788 -15.25483
-35.13921 46.92725 52.02823
92.55686 59.35268 23.88715
-22.09249 22.41854 82.16348
42.10265 19.60773 -15.92901
-75.20744 -16.94563 -25.77539
-67.25169 -6.973581 34.69408
-88.82291 -34.57285 27.86117
17.45884 8.123656 -79.63074
-8.783112 60.36546 -72.91966
45.88003 -19.13504 13.95016
-41.54929 -5.650323 -72.48037
45.58692 -88.42774 -5.194618
-44.92142 -80.37311 -33.12092
83.09304 53.22012 -44.66459
-86.59755 -22.33331 15.64641
-46.5827 -28.02843 -77.91192
-17.47539 11.41472 28.98088
80.13998 65.03426 -0.6992365
29.80086 -69.97418 11.29248
64.5645 13.00702 -52.01358
40.93262 -53.06268 -6.961977
-43.10474 68.47456 -33.80019
-97.58119 -32.41406 -13.48857
13.62346 -27.43996 -20.67011
40.28161 66.95732 71.59003
42.2639 -104.6974 20.64245
56.72944 -24.0062 17.82461
6.989976 -71.49693 -34.21007
-56.36108 -58.7119 19.61288
-56.78305 -28.44314 91.01728
58.20359 -29.968 40.774
-10.17077 -48.45698 23.89863
-28.72609 -64.61931 -73.41898
-84.14131 17.61521 51.99106
-54.68725 -19.71388 54.80404
-24.87724 -51.07182 -58.27658
-47.34267 19.8328 8.982463
101.3194 37.65149 -28.14864
-54.9066 -4.20959 -2.523394
55.00524 -55.85729 -10.17821
-77.89594 21.27001 50.38646
-19.47456 -64.87978 87.33006
-104.8289 -39.79105 -20.12925
36.43397 84.29874 47.22422
-14.56039 33.98001 -93.08067
29.98061 -36.92109 39.26567
79.29401 54.73059 52.82314
-78.7959 3.399611 12.24015
38.50908 -93.68597 -86.32159
48.65578 -8.178336 -34.54214
6.574689 46.03004 -100.2413
38.54092 10.77591 -55.40079
65.20507 5.739648 -72.38369
57.25165 -71.85355 67.3434
99.62704 -1.423833 -49.40902
-50.36485 30.66948 14.64363
-43.83916 11.55265 8.062342
4.643877 110.4692 -6.241772
-25.96981 -48.43678 11.69248
-16.05019 64.35983 2.702546
29.34061 99.16206 16.92824
87.05283 81.18095 -23.16458
-77.49617 19.4403 -18.53469
75.03497 81.47301 -27.48176
-53.83133 109.7378 -33.79889
37.81433 -32.67657 7.391335
-85.74107 -13.54078 74.82287
-3.496956 48.87872 -103.1559
92.84961 18.08287 -12.53882
2.961981 59.18016 71.62854
92.93364 45.68436 -31.28345
-31.02247 79.56712 36.05985
8.018326 72.54344 4.311196
-48.27029 85.55099 38.11269
-49.25897 -37.49427 39.20529
-77.83043 -17.86285 18.32816
-61.18824 -58.74467 -80.78082
99.7746 66.41565 -73.50877
9.998218 30.25317 40.11364
-57.04639 -59.09767 -64.88541
-13.56764 -3.676084 -96.51398
-58.18201 75.18257 61.45481
47.17218 9.275947 -92.45742
50.58703 6.929302 91.19704
37.67009 36.90365 34.28157
-25.58744 61.62174 33.53056
36.3288 -15.29973 23.75804
24.65382 -22.86699 -7.0117
60.13526 61.08943 -35.00419
43.75653 -12.57049 -53.0272
-79.27766 -57.58944 22.34486
62.51542 24.11629 -56.44239
75.54733 -76.51382 17.49192
-20.83933 18.03648 -85.35953
13.21782 -42.0222 -21.75001
74.26447 -23.51423 22.67496
18.0542 -101.5906 9.229998
69.80261 -89.11684 43.26559
0.2841437 -62.40188 18.10954
41.75205 -21.56446 32.4212
11.75664 -85.72025 5.135185
-89.36373 2.562017 -7.845733
-48.78259 36.98648 -103.6087
73.06925 24.34582 -65.53318
77.00806 49.05988 -24.30385
-30.8536 -36.89424 31.16047
82.13879 84.55193 -3.046793
-36.18036 -5.771963 0.04289804
-70.24883 11.22544 -3.818887
50.67165 -53.142 57.99192
-70.5735 47.62946 -2.278896
-29.07226 -62.22736 81.09573
-72.38098 61.7162 34.7964
34.3975 75.65555 12.83764
-74.11471 66.07938 40.67232
101.2472 -16.093 -3.796594
52.64894 53.92791 45.96965
-54.81207 29.52846 -111.482
-46.6489 -103.1672 3.66452
-36.09576 23.34865 -64.7617
59.77975 -83.32439 32.23088
-22.88257 -49.91895 -1.907344
32.66303 24.92648 -21.69725
-68.31068 62.91299 -41.0596
-59.21505 44.91539 -12.13587
-6.182448 22.49609 -98.65662
44.40088 -8.289348 -82.24796