-120.0411 18.57096 1.787828
46.55085 -93.00311 -2.157438
34.53768 -22.15001 -23.74145
18.68634 -3.19112 25.84977
-1.689841 -111.0046 -8.398252
-101.2051 59.70207 -18.91373
-21.00218 93.01583 -15.01538
7.740215 -19.59324 -108.9323
17.97399 105.4236 -14.50736
-59.90204 80.70457 -11.59666
-49.75106 18.22094 12.39131
-4.209262 -46.05238 -106.1441
71.44418 30.89782 -62.6954
55.54455 1.036316 27.12373
88.7285 67.8826 -5.569538
60.39934 84.12867 -37.31659
47.05667 -90.5209 10.81746
-26.87865 -79.99498 -68.2711
43.90151 -87.08429 28.22484
66.79731 44.09555 69.06744
-5.036609 113.1007 -3.436731
36.85065 9.763068 -18.57112
-36.57254 94.25864 -11.66535
27.84441 -108.0609 -7.09759
-112.1269 8.544471 21.68333
86.32807 40.45504 12.06613
32.55035 -108.0573 3.732127
19.51508 11.92262 -42.49663
-98.20365 56.88124 -18.74153
56.11573 -8.230975 42.18485
79.02451 74.59349 -32.53369
29.73883 9.536278 -22.03061
2.763453 -50.49696 50.8079
21.98631 76.14285 -32.78821
41.8987 -85.02766 33.06744
31.51531 105.7548 2.202018
71.92047 -9.111959 -77.23614
14.57101 35.23975 98.37424
-51.2042 9.033981 -67.70776
16.72102 -21.09011 49.13055
-72.15606 100.2472 13.47222
9.381661 8.569263 -78.16207
48.12321 -83.00668 8.677431
46.81113 -24.18299 -107.239
-55.95536 63.09459 -10.55367
-10.04565 -101.2603 -37.74929
69.40133 30.54746 -45.13946
55.89444 -56.09271 -84.96192
36.23065 -29.89742 60.46272
-45.93211 5.138766 -81.6655
-101.2909 27.68489 42.45744
13.72619 -66.20423 38.21999
4.202074 -56.50593 -103.3059
-24.5723 109.8987 0.1951289
-126.2593 38.91277 -5.746192
40.13856 6.222228 -95.48351
40.80777 5.640746 4.288138
-1.287459 8.748524 -67.12716
-8.69734 -15.43756 -107.5562
-98.92331 73.28053 -10.60127
43.37641 -89.61796 38.34304
67.57645 -20.83416 74.19646
-26.61143 -92.29987 -46.04519
9.083716 -105.4397 -32.69638
15.59958 -77.13046 96.71268
62.63675 23.92013 -68.61227
60.85684 -40.38391 85.21942
70.38844 -9.06918 -60.93066
-12.08756 -99.71941 50.87479
13.83145 63.64468 78.65443
75.47478 30.16945 -79.46782
66.78749 28.98601 -54.77827
8.654799 -2.097876 110.4234
-46.87683 -8.216133 19.34678
69.43079 19.22776 0.8143051
-75.43516 -15.1534 66.93518
56.96327 5.656335 12.09863
-4.274626 38.34581 95.77647
-7.179097 -5.348652 19.7076
54.11062 -5.310071 105.7499
-18.03197 74.06105 -17.41682
56.21458 93.27733 4.7017
-6.270581 -70.37003 -89.97592
-76.41917 -58.7324 -35.53366
69.27094 20.05549 -91.19376
57.83035 -3.0881 99.17719
-78.23389 56.25276 -9.996322
-23.23999 -18.39071 32.20285
17.73567 -35.26384 110.6814
-52.67859 -8.010262 19.917
70.12672 -8.814982 89.8401
28.14086 -106.9904 -24.96393
30.65192 91.48023 43.32164
16.26839 109.846 4.124088
-78.41412 1.558361 -78.64274
46.03468 97.16618 -20.33586
-54.41763 9.525049 -62.71645
53.57505 6.47539 100.6175
-20.1507 54.18088 85.36194
66.16272 49.16886 63.60015
62.93279 -25.56955 94.25788
43.77333 -73.13034 92.88033
34.79544 -64.17171 70.45464
-81.98608 -7.640403 -79.60323
-53.723 103.7481 -3.911833
72.38304 6.289634 79.86619
76.67546 8.578388 44.60803
-12.87102 27.36512 99.63914
-36.30085 54.3064 -11.99815
39.71142 -102.218 5.306286
-79.69044 76.59492 -11.39414
-46.66264 108.8984 17.11843
-93.01756 -41.20204 -52.12125
-22.29072 55.2284 -15.69058
-122.3098 45.88529 -11.5582
41.7038 -85.47274 56.33687
-5.722993 -51.52704 101.1483
73.89263 65.82484 -49.92421
45.85425 -55.29636 101.6771
-52.83839 47.07133 -4.370678
63.24329 64.95329 55.18269
51.61305 11.09295 -7.710077
89.00696 65.30392 -8.636451
49.20508 98.15522 -9.238442
-51.1515 -81.59394 -9.907495
35.77914 -101.3598 -25.68105
-86.09836 31.8784 -17.97211
-48.56463 -65.17914 60.03701
-71.62881 80.62276 -10.94859
23.9644 52.7519 -34.20522
-1.933615 -9.234396 -102.3601
47.46687 2.334187 -105.505
-10.31813 -51.00991 100.0972
-108.4403 26.75051 -49.00882
89.23663 64.27221 -24.30999
15.07568 2.096834 -96.82268
42.14692 -5.875125 -35.26681
34.34047 -47.96344 66.27199
-15.37111 68.6188 -16.64402
37.18145 -22.15049 112.0521
62.4078 -47.34538 -53.34166
-62.68554 -68.09087 18.05284
-53.99295 -70.12831 -57.68655
83.93632 43.51141 -62.60117
48.95456 -69.18818 -11.12623
85.47321 60.24729 -40.97903
32.07242 7.206564 108.9773
-16.14487 -36.81601 40.39323
-43.40353 -0.7779745 -89.14265
44.87365 -90.22864 70.38608
-52.98029 85.22854 -11.1342
38.6883 -39.91153 -20.64259
-3.613735 62.89135 81.2093
-58.84556 5.84752 -21.04338
-12.85671 -13.66044 -107.0908
71.17738 12.44526 -94.2356
53.82907 -61.24565 95.62892
60.00172 -59.1868 -66.71635
24.00306 -34.05215 -109.7885
45.86348 -93.05496 29.38571
45.63007 -11.80451 -35.1044
1.198472 -48.81265 -110.5641
-49.00925 90.88236 -11.84433
-14.64863 -96.54159 -52.97608
82.17419 22.88111 58.62017
4.306965 -42.23293 110.0206
40.92416 -96.31332 -30.11588
-12.75589 111.2298 -7.440294
70.31985 78.53795 -38.9677
44.40639 -86.04974 66.67007
42.8761 -75.21053 72.7005
-128.1237 47.78015 -5.471206
31.20551 -19.93593 112.501
15.44822 102.3366 40.15921
88.77398 57.06752 -20.21652
47.49555 -81.04702 -4.193845
26.47118 -50.99195 -107.6619
-16.43958 91.69907 -13.66564
51.41244 -79.07198 -21.28865
8.501546 -51.3634 -107.667
-42.31864 51.75275 -9.62022
54.39542 -58.44254 89.26237
69.86674 7.768037 32.53524
-35.24075 -73.4469 -72.47458
-7.34279 0.2883571 -90.43692
82.24842 40.24411 -25.76517
-3.689658 -70.45886 91.60603
-84.14455 90.60952 24.61783
6.992223 -57.36441 38.45794
4.044828 71.78128 74.79354
65.06973 8.460825 16.21762
-49.74353 -67.5147 53.09344
-0.05245917 -33.92935 107.7598
40.12569 -82.42876 60.80811
-4.787325 -46.74601 47.01057
-83.23407 -44.17649 19.8891
58.90433 24.67758 -69.81857
0.9762743 -87.47199 80.69617
33.02869 -19.34822 -110.0522
40.30867 -77.71543 70.23879
25.04818 -0.0249509 110.1662
-77.41116 -58.93977 -23.46367
-95.06273 44.28852 -20.0696
60.84472 -67.77493 -57.20577
-18.34945 -78.43241 -76.23667
51.68079 -69.83627 -29.89788
25.77057 -12.08464 112.1105
-2.588276 6.75521 -9.532546
-60.06322 -75.16978 -8.162223
-45.80337 99.45544 -6.474149
36.64697 -48.4584 -103.4885
80.66657 73.13158 4.075664
-20.21572 -83.50146 -68.80708
19.93745 -88.965 -68.27929
3.637725 102.7676 40.57481
61.54832 -18.81769 103.6032
-14.62736 -86.71726 -63.21576
44.40999 7.728808 6.529341
-30.90037 -88.67071 -49.42963
78.47229 21.67493 -86.44086
-20.00329 -71.27906 82.33594
-7.623737 -41.95731 -106.8861
63.00335 -24.82916 69.61777
-76.05353 14.22553 -46.80546
59.13715 -32.69674 97.7132
-79.17999 -10.83119 -81.76154
41.91127 -99.92443 46.50073
53.43945 -22.34597 105.4328
-123.9985 33.10343 -22.44564
19.30039 9.313518 -38.61243
-14.85748 -34.77291 27.93743
54.34594 16.55155 -25.79037
-110.9828 17.96382 25.31362
25.29777 35.60079 99.05856
-91.3701 84.56593 -7.100096
77.71838 56.64112 44.87678
-64.60823 -1.988361 -83.59528
-39.94382 -1.943829 -90.79855
-82.98328 -1.53859 64.25912
71.22678 16.84373 0.0629135
-52.49516 80.84187 -14.39232
85.7767 25.35065 45.45044
-13.04908 -42.58573 -107.4444
-72.59949 12.5361 -42.58722
48.87701 -34.89833 -31.88754
-95.3539 81.76429 -10.29952
70.15084 25.79133 -23.29522
43.42256 15.60047 -41.51109
38.32137 -90.4708 70.28841
-65.7763 2.977612 -80.85918
58.7191 -71.1134 -55.0502
-83.38369 59.1416 -13.04247
-16.48709 61.49446 -19.66033
32.90218 -3.389133 -29.08418
76.76643 72.80479 -41.61578
33.12804 -10.43477 -110.5856
-50.18859 100.4449 -4.433449
80.29768 75.3431 -37.4211
61.95115 -41.23329 -86.25095
-25.12136 0.3712783 -90.62999
-4.576722 -72.65659 94.6785
65.62838 25.09023 -34.53937
43.61092 -5.395468 35.51801
-7.893307 97.39075 -16.85833
71.01355 45.81858 -59.68469
56.42263 41.10486 -52.14841
47.93935 -70.01973 -79.60553
-84.2062 31.78464 64.39081
-36.64017 -79.11012 -60.85043
54.062 2.879601 -103.0849
-46.01115 -62.73395 66.77322
10.13636 -59.16594 31.65422
-89.74951 -2.37567 -73.32803
-123.0645 43.31482 -19.79291
-54.86031 -58.73139 55.56988
-102.9461 21.40874 -50.76564
-49.29761 -63.88215 -76.20888
15.54795 -2.161694 17.19173
-32.82992 8.149021 -55.0279
82.66 26.35124 18.432
50.68057 20.54429 -79.96587
14.53554 -62.19488 48.73892
-28.30262 34.144 -7.846974
-40.72216 6.188415 16.22193
78.51849 14.95535 39.43671
-93.18728 41.35355 -16.50128
-84.40537 38.3746 -12.39217
-45.71886 -42.31043 80.37704
54.49541 -72.94925 -35.93915
61.11528 87.34441 -30.42395
-24.18571 -98.44923 -27.23958
69.35453 0.6931865 40.37018
-19.46903 59.79976 80.96941
57.21632 -7.463086 46.72249
-48.02319 -75.55787 46.33475
18.18025 76.82694 65.66335
-30.52626 108.5639 -6.417858
-62.17302 6.706778 -72.27135
82.25763 20.35216 46.86913
-25.8496 -46.84925 93.83094
-96.30312 -7.945093 37.78616
-1.592739 -78.21543 -83.2793
-40.98819 90.35237 50.42936
92.00365 60.78344 -18.31219
55.13958 17.85501 -40.84428
66.48812 54.29195 -57.61632
40.52982 -89.49245 35.86872
-5.220829 -99.44945 58.48923
-63.1646 9.371967 83.36937
52.13353 -32.76169 67.63941
-54.39282 110.1408 5.62546
-7.031081 -65.41089 -95.40213
-29.26062 14.50846 97.12975
37.36738 86.9784 43.30754
71.92686 31.03949 -42.33154
54.21375 -20.09329 -41.42526
52.20162 -14.78602 103.8309
47.45808 -86.49744 -1.170949
-51.90831 -75.30067 30.52658
40.06745 -82.9874 15.68662
75.31419 3.183669 -75.53093
-62.19185 60.07734 64.27797
67.03734 -10.34768 -96.42407
78.86092 70.36882 26.81137
71.63882 -12.95973 -99.5369
52.47498 -78.43373 -60.68738
58.17198 -7.095376 -47.60339
-72.4753 96.97802 -5.643196
35.61095 15.25177 -64.05677
-85.88167 22.78624 -22.84507
75.16093 14.66808 76.59026
48.49939 -88.53828 -41.85561
-34.71147 112.4775 9.104714
3.200374 -51.22874 43.93711
-66.50648 4.68839 -12.39689
38.47639 32.1379 94.77596
51.54903 -4.055104 103.424
45.77699 5.030337 3.843956
71.25634 -7.352288 79.41797
26.20702 -66.28147 -93.25648
-4.044342 -80.5364 -79.99805
26.87928 -5.518181 27.84857
-28.83858 -58.32687 -91.5798
-59.59294 -10.48931 -91.90004
-121.4538 16.92298 -35.29218
55.85994 -61.52161 -34.75239
20.39664 -65.86299 35.16003
50.48488 -87.09954 -10.23267
-67.42988 9.486268 -60.10091
23.79719 -4.024839 112.007
-65.30417 -61.83262 -57.30224
-105.8757 32.02656 -41.61799
24.98768 4.023382 -91.47528
33.88343 93.90945 -26.36888
28.66305 -48.32037 111.113
56.91973 -19.26423 60.14378
80.55367 30.91603 59.56926
54.21539 19.5462 -26.95037
25.64853 22.7546 105.4341
-88.41223 82.94166 30.12883
-93.45467 52.78196 45.0738
-50.02538 -28.74557 85.23006
-22.4244 -26.00015 -107.9448
0.7996352 -79.76427 -80.97357
50.25451 -66.14856 94.7652
-57.86466 103.4222 -4.372642
-82.28359 79.01317 -11.01499
54.8912 -17.85007 101.3326
-63.50773 0.6066771 -87.35004
44.55954 -42.59403 -105.1843
-63.86906 -70.93579 -34.48164
28.31201 -23.66092 -109.8129
-78.77689 -41.97789 35.596
-95.02819 80.40755 -7.135865
24.24846 1.5265 5.3045
-66.63109 64.26765 -13.13595
17.63784 10.57603 -47.28762
58.63089 9.908259 14.37512
-87.20082 92.91046 6.648407
31.3943 -13.42718 112.4107
-27.57619 -15.25342 -104.0688
46.91225 -76.26504 -4.316399
-38.13831 108.6791 3.110858
89.41459 43.24731 22.22908
29.60106 -43.38488 63.03685
16.8302 -35.45373 55.83154
-74.18807 14.1884 -24.13783
-11.5147 -106.1853 -8.210653
32.84172 -9.332032 32.43613
4.377011 -48.86651 -112.3818
-42.46555 -67.76383 -76.74744
-28.85903 36.26471 93.50652
38.69614 -46.11911 -102.0728
86.76752 46.61898 -59.89555
63.11736 -8.783302 -104.7641
4.612314 -10.07459 110.1749
-62.30733 73.32765 -9.06299
60.13116 -10.249 -101.2458
-24.58809 109.894 -7.927743
35.17875 13.89281 105.4887
69.55302 66.08506 -54.38608
45.67769 -79.02368 78.76623
31.07759 -76.30166 98.77419
0.5832745 16.90209 104.724
9.862123 12.22981 -18.81878
-59.76665 102.0159 -6.809474
-58.47815 4.373013 -78.33704
-51.37709 -9.832725 87.38225
46.97993 -68.46918 79.03128
-29.15099 -26.6945 97.48065
73.12012 39.2697 -63.15422
57.96674 -32.7546 75.89162
32.30121 7.601879 -10.22723
-65.94231 -56.79276 36.69431
-75.71796 -14.26641 -84.04932
62.6755 -28.3611 72.35615
28.70382 -12.78896 -109.3426
-12.18543 3.649195 -14.50281
-84.23083 65.56143 -13.75396
-38.03816 5.012093 -19.48154
44.98193 -89.4031 -51.9569
86.29726 53.34624 26.9008
33.71808 14.0401 -81.16614
-2.354985 40.38905 -18.26892
-29.35583 -76.57026 -74.76852
-72.25372 -2.139107 72.82651
-82.68853 25.42753 -13.57432
59.633 -22.76419 -44.31821
-21.57142 -31.73014 33.76568
10.15827 82.21811 61.50061
-64.5442 41.58343 74.48133
16.55045 -52.36072 -108.6876
42.87174 -56.24897 -9.66948
-13.54454 -90.84899 -64.30437
-6.188019 -90.73196 -62.10458
-67.03405 95.39449 -3.317553
-35.5302 -90.80221 -27.89675
-95.07268 -3.480484 48.10475
-52.90976 -78.9576 -27.65465
23.33483 10.23764 -44.64345
43.30046 -83.01884 81.24013
-58.2964 -77.53314 -11.91144
26.69103 -97.97581 77.32111
-108.0372 5.406077 24.79927
-86.14519 -49.8308 -35.65782
3.950166 -29.35293 109.545
-70.5993 30.0538 1.17754
23.51407 9.818713 -72.46504
-35.09703 -13.9578 -101.8168
-96.06179 44.21928 45.70345
-6.656816 -39.81659 18.59812
46.31328 -42.52443 -101.6167
32.68257 -99.25908 71.17921
-32.34962 -2.890481 -94.2871
-65.43009 76.89267 52.38657
21.37051 -89.43276 85.07592
-64.47324 -4.383399 -87.31982
59.92791 -63.66097 -47.88568
-17.41757 -46.71191 -103.6984
-97.1067 83.25231 2.88339
51.55488 -1.91404 -106.2288
-10.23806 -37.18762 25.29907
32.35715 13.87946 -60.86881
89.04301 51.52134 -55.3687
55.89305 -52.6744 -88.79427
-4.836121 -93.94145 -63.42762
86.68853 43.62672 -12.25896
-26.12026 114.4602 -2.313899
-34.07157 42.88808 87.08608
35.66114 -38.01773 111.4719
70.55316 -6.063592 -99.89828
69.0611 13.89646 87.94165
-25.5052 -45.43907 -100.8891
-11.77042 76.54702 -16.95558
6.177523 -47.53996 107.7911
57.25436 -21.44841 100.4403
35.96162 -88.1685 -62.83449
-39.34959 -88.36731 -27.86466
61.91047 16.52738 -13.86136
32.93204 -41.75007 115.0536
8.132989 -58.33612 -105.786
-93.34089 87.27538 2.984114
22.41603 -48.45627 4.788343
7.345234 -55.51725 28.7132
-67.71626 -63.84052 12.57946
35.29944 -96.42443 69.3802
-90.5316 25.58579 -31.77218
22.7913 13.29163 -60.38977
6.670632 8.110442 -72.97588
49.42748 9.446303 103.2906
35.6618 -37.74925 63.40827
-13.67958 -93.26145 -52.81567
48.2862 -74.02122 -16.37964
60.31974 90.07381 -25.53794
79.43947 78.91585 -12.76419
36.94197 -102.7025 45.8526
17.182 -69.00432 41.74129
29.85034 45.13422 89.93921
36.11303 -43.84279 110.137
43.33037 -93.37988 -17.40594
-119.8526 32.84898 -31.73283
-8.719622 3.447201 -92.50858
-30.33133 -87.4817 48.66642
71.95338 15.73859 -91.41682
-66.5454 55.63329 -7.035883
-23.82129 -26.57304 -104.3076
-69.74228 89.74232 -6.942117
-78.00845 96.34673 7.320378
44.15982 -9.094631 108.5541
50.87701 -5.626737 42.90637
-61.93702 74.53339 56.80121
22.93961 -91.2179 -66.48887
-16.94182 89.50151 -16.47242
48.03691 -92.19339 -13.32861
74.04253 36.32858 -68.05491
-50.7729 62.84288 69.64056
70.9297 -14.87242 -87.00131
-87.20686 4.290142 60.79649
-70.26602 -34.43841 59.17284
-83.71135 62.96408 -16.05537
70.86751 79.88212 -34.17723
72.49928 0.3007393 71.75466
50.51516 6.19114 9.726262
77.67183 -10.81719 -83.94847
-87.40844 2.108665 57.12367
40.79606 -90.23981 -59.11965
62.8966 -3.490905 42.37062
54.66324 8.587262 10.67069
33.79442 -86.48061 -72.71391
-112.3072 14.26312 -49.29271
-85.8389 88.08079 -5.437043
-85.15237 34.15522 61.03294
-60.23461 8.16315 10.9404
-27.85548 93.17073 -12.49917
75.92533 -2.086159 -71.12117
81.0331 19.07367 63.17174
-46.26845 -72.0108 -62.88384
6.478939 -87.35684 -71.44558
43.89539 -72.12263 -1.164149
-1.64258 6.818585 -86.70176
40.45688 -97.03865 56.42191
-75.49834 96.58872 18.63964
-11.3917 92.93484 -14.93743
89.42596 39.24333 18.11694
49.11405 15.1978 -27.17241
-58.77331 11.17394 -66.55658
-48.05397 -80.6302 -37.04045
-102.3328 -26.67064 -37.63314
69.53716 3.578598 -100.4376
39.84078 -87.34568 29.75446
-111.914 -5.793413 -12.23376
63.33208 -61.47655 -65.77521
-73.50819 -26.81825 -85.90892
-19.77621 -39.71497 -104.8072
-114.384 33.05141 22.07157
32.06702 -67.59752 63.66751
85.7718 47.62068 -54.48233
-82.49575 -49.07077 1.959302
-25.17545 43.93392 -12.06103
89.89459 53.85851 9.223378
51.93256 -64.92432 88.82977
83.97688 37.4628 -9.880936
-61.95339 -48.92188 57.96899
53.785 -71.71608 -24.44435
38.80014 -41.65858 -105.9982
55.66908 16.74614 -81.8756
49.67482 -4.997657 106.2877
2.130358 30.52133 -19.53663
-58.05334 -37.78555 74.58465
59.95376 -35.95439 97.34521
-120.2894 13.63359 2.346578
-22.66553 46.12409 89.27164
-77.49196 98.45285 12.89988
-3.915893 -84.38511 -74.56243
-102.5603 51.83419 -23.3697
65.02809 -50.51362 -77.61071
-16.87537 -94.19819 -44.02486
59.68601 -44.69724 -88.5742
72.79572 3.893553 -96.92165
-87.87005 28.86538 -16.12682
-38.18879 -72.32306 -74.43916
48.79292 8.453939 2.369248
-58.42138 -65.6772 36.74747
42.01505 -102.7353 19.59759
-65.25154 102.6938 19.36661
49.00558 11.95022 -15.78798
55.78873 96.89867 -10.8689
51.62886 77.88972 -40.1049
4.450465 -56.58407 -106.653
-5.096616 41.49093 -19.61419
49.54735 -50.66584 -95.94316
-8.071322 103.0592 -16.76442
35.97813 -81.23588 -73.00381
-42.28006 -5.03564 22.30424
-59.48891 44.19794 -2.392715
46.54283 -38.34343 105.3959
16.39621 55.78553 -30.83782
44.84486 95.41168 -25.13059
-70.5616 93.80072 -4.077577
72.41775 17.24051 16.34767
-2.129893 -45.39908 -110.4628
-102.1206 -6.936235 -62.26809
68.69742 85.5602 -18.7163
-100.2877 30.70879 -42.33224
33.26319 -76.35935 -83.93685
-94.45938 -32.23979 -57.21216
52.45076 22.23725 -62.26151
-45.77313 31.04562 86.47004
-42.6608 -12.87947 19.61033
50.45784 -70.5384 85.38154
-26.33023 4.944124 -82.30446
83.9845 61.62471 30.73426
-59.65231 -71.63705 -32.02052
-44.3405 -77.65771 -54.28965
-84.44296 91.5347 16.75948
12.86198 105.9451 24.07821
-12.46303 -36.61302 41.94571
-54.52858 -3.371087 2.718715
13.79346 -78.0457 -83.2963
9.405277 106.4652 31.48446
-67.78027 5.199229 -7.171103
27.76077 -75.5015 32.87498
-96.48053 80.76751 17.89579
53.14116 -18.30497 55.67523
-64.19112 11.94806 -62.34832
15.22261 -53.73431 -103.3941
-29.14427 103.1825 38.20079
-79.92062 18.87975 -20.82066
40.95726 89.75745 36.51412
45.35772 -32.12347 -30.62412
-76.62908 14.87802 -9.067583
-46.47647 -77.14768 41.59504
88.28549 54.03418 -16.41287
-7.759641 -17.48861 107.7093
11.33251 -109.3802 -15.85955
-112.32 55.29126 -23.53259
87.31312 55.02127 -50.99634
-34.84207 -25.16182 95.0219
50.58467 -86.92574 -33.66293
40.65445 -84.74993 66.2708
41.82614 -96.32394 50.99468
-53.95937 28.80571 5.553367
73.77985 -8.702698 -71.66235
-127.593 33.23784 -21.76959
70.7923 48.94742 -62.35577
-32.74496 114.6791 25.53345
-104.3655 -6.490002 -57.55859
38.52443 13.71546 -37.08886
-34.6232 -32.99461 93.85944
52.44016 22.20592 -46.9819
74.42951 83.35763 -27.194
60.63022 -11.67012 -48.9713
30.74436 -47.68814 -6.078444
61.07348 20.93297 -84.22454
3.548648 -103.7226 53.42707
48.61917 57.13511 -46.33843
66.81438 42.58647 -61.09708
-3.957629 3.734654 -82.79996
53.68554 95.07594 -16.53936
74.07021 14.04679 -66.83047
-12.77353 -31.11249 104.4784
-47.39365 107.2004 25.51696
16.67839 -29.59759 -110.4434
-91.21985 22.10711 56.67696
17.84554 111.9688 9.747574
67.42102 15.83281 1.97102
-57.80729 88.03897 -11.48666
54.58833 -54.66731 89.93409
45.80046 -86.10942 5.172323
82.61189 64.98333 -46.10758
-90.48608 38.95793 55.38875
51.29609 -10.04164 -107.2699
-38.03812 103.2428 37.83419
5.391138 -38.9879 108.5515
39.64634 -91.61438 53.12138
14.06986 102.7631 -17.25884
6.775943 -5.918788 25.6187
40.85965 -78.69577 88.95568
37.65409 -86.44305 55.54093
46.78596 -60.7385 77.40144
-5.710071 -26.22714 11.5055
-26.6235 -32.23328 -102.4267
-43.46894 103.1408 -8.050838
-50.98837 -61.75087 -73.19764
-24.4033 26.7944 96.72287
-3.525484 18.40379 104.8637
-83.7951 37.17274 -8.774211
7.658184 -48.36261 -105.2197
-56.67538 108.4251 14.23173
13.03505 -56.80154 -101.601
-44.03647 6.160194 -32.16146
41.77276 -80.03861 13.68962
54.35612 -47.61575 -92.47118
-107.9251 23.30211 -46.70805
-43.04407 -11.81455 14.84738
22.99353 -34.43063 111.3992
-39.19 110.1761 -0.3837447
-21.0304 28.18851 97.87848
-10.19725 1.630579 -89.88976
71.09273 -24.90551 -81.70586
-39.12862 -72.86227 63.30009
58.67081 -66.05094 -64.52873
54.97662 14.83589 -28.59353
-95.7545 56.33573 43.17389
-37.76728 111.4389 21.57987
-70.68602 89.90289 36.48266
21.72242 -30.45603 54.43983
-5.120471 -58.58566 99.84336
76.46523 1.555952 -82.88507
40.34009 -23.16936 55.0109
50.6513 -49.68343 101.9649
-32.12572 -58.96981 81.83035
-98.342 76.93667 20.25015
21.49645 -1.861609 20.0366
-120.0849 48.99947 -15.54525
46.37374 -79.61828 12.88106
-39.51616 115.0166 11.50291
39.59138 -87.15054 60.4771
21.38815 -37.49879 113.1448
69.80431 62.12249 -50.84533
2.521048 -21.92055 -109.301
-104.9571 36.38992 -35.17904
-93.43661 61.06323 -13.85433
70.32042 -19.29327 -58.59061
11.41378 9.114528 109.1393
-63.76842 6.997025 -22.05998
-57.00029 -58.98929 -72.57712
44.68908 12.72179 -91.47163
68.54232 4.122472 28.29032
40.41431 -83.42599 21.36897
-27.43725 113.758 7.986419
-27.46049 -9.094024 -100.0416
91.19777 58.38309 -11.55188
-5.267812 106.2902 -11.47996
-88.97226 -16.59428 -76.35007
-107.2354 -2.03112 -54.55663
-122.0114 52.61381 -8.202285
-22.12556 6.23746 -33.52614
1.926237 -66.6338 97.491
-112.0576 62.85427 -15.25196
-63.63511 -68.24133 9.949061
-24.58707 -28.43788 37.59765
-10.78852 -5.83954 -98.71542
65.00483 -10.05886 94.76136
7.188322 -5.655135 -101.666
38.80476 -2.145984 -104.7862
16.15181 77.3715 69.441
-10.35032 -38.18508 19.56602
33.65437 -93.7269 -59.53424
77.77531 17.69812 19.579
-88.35109 12.05266 60.03677
53.92282 4.660371 -98.96851
-10.50141 -68.35055 -90.72812
48.02714 -43.1478 -28.62349
17.03655 -3.087252 -102.6867
45.76836 -13.00544 43.54391
69.47118 41.60992 68.4281
-6.636969 -92.21118 68.33146
28.06681 -2.614976 17.69644
-28.16264 113.6602 14.39472
-7.120528 76.57215 -21.02043
-95.62594 37.02475 -26.58204
-38.18609 -6.048203 16.46902
60.55211 14.993 -94.16747
55.60081 -47.80516 88.96058
53.74141 -52.13097 100.2707
-2.098782 -107.8506 36.4805
2.506353 -36.26589 -109.2671
45.40493 -67.75715 95.09768
78.41279 24.54216 -79.89333
42.59269 -86.84975 22.59596
52.77221 -81.85318 -44.96499
8.942196 -11.90531 -9.485162
-1.557067 68.47327 74.51615
64.57071 -25.38619 -52.9124
69.42002 8.455564 -93.51154
68.47565 92.78214 -16.85347
-12.96744 -92.65337 69.20382
-76.7506 81.041 -10.07632
-57.65102 -10.57349 85.52923
-113.9369 57.85191 -17.29842
-0.5094393 -52.08812 -108.7547
71.85349 86.64044 -3.803583
66.3892 -34.27798 -86.53941
64.49955 -30.09262 -51.7295
-88.89451 46.81935 -14.43415
-106.9725 26.49984 37.5023
-74.78708 93.11596 -6.056142
3.663625 -1.771105 -96.98946
89.79854 58.70747 0.102923
-44.05632 8.956077 -62.90719
45.94106 -70.3117 -12.2621
39.57719 -62.94984 72.56709
34.35032 -51.53957 111.3164
-29.77665 -41.45501 93.54313
-40.94271 7.209621 -73.81931
-27.83366 7.785519 -61.96633
-57.56813 96.42564 -10.51326
37.76302 -83.30538 -68.49967
-107.38 54.80844 -21.75076
-2.522515 -96.86115 -52.89684
-51.23017 104.595 -1.686716
69.18946 10.90098 17.12196
31.46438 87.28469 48.03988
-66.87413 12.59669 -53.8348
-95.71436 -33.27693 3.422141
66.92247 -11.08422 88.29949
-43.62969 -36.47834 -97.26151
-77.39943 97.26527 -2.014961
42.09995 -92.50832 45.57882
62.9442 -33.25631 80.42709
20.37313 -7.957283 31.29647
56.77196 -73.01862 -51.63062
-91.99518 31.29011 -22.12117
-88.14064 -50.20522 -7.448184
-90.08677 -18.88137 -69.84463
-18.10275 34.2808 -11.69652
-56.96326 -36.035 72.31157
-16.25243 67.12903 -20.34179
46.85463 -62.60526 -14.27414
-15.75458 49.31934 87.91551
36.37437 103.4954 13.1482
67.80007 -14.37849 91.43962
46.87533 -64.73116 -21.87293
54.71507 20.42786 -64.5104
86.0731 49.89484 34.34097
26.29412 -17.19689 -110.6099
-14.03305 -28.5013 -107.3623
-8.530643 -56.55198 -103.865
44.68779 -69.58102 -83.5837
-47.56895 -31.48343 83.5077
19.74793 54.13062 84.5643
32.53188 -3.410364 -103.8132
27.633 -73.93241 98.28331
19.3035 -62.40687 56.07561
67.53293 59.47058 -52.65362
-29.70495 -9.790459 20.20709
88.7243 54.98446 -40.23742
-110.3905 66.69185 -13.81342
-6.532959 -5.366063 -99.18742
11.4061 -48.66286 -110.1525
46.6867 -68.96822 91.29523
37.89232 -74.13781 16.20526
-1.109309 -4.445068 -5.889431
65.96989 -38.51156 -58.22849
50.50367 -54.56906 96.87684
17.29823 -31.38969 -4.771899
-54.6147 -74.99368 -51.68604
80.05537 52.79178 50.47483
75.45125 9.606701 79.44277
74.40369 -7.865832 83.16193
-17.49666 4.018079 -88.02363
-71.53131 101.5745 1.057679
-94.3305 -36.95839 -41.00318
51.10337 -71.74283 -15.04024
77.13764 0.4355365 -88.91893
47.15783 -68.31219 98.57574
-83.49602 52.65141 -10.43602
55.77348 -70.6433 -28.90829
38.86362 -69.44732 6.074188
-75.97779 98.4053 5.108039
-53.68016 -14.74582 -93.52938
-83.24602 17.96747 -39.25948
39.52459 -101.1364 -19.19608
-39.53423 64.07581 -12.50118
-51.10731 107.6602 8.634117
-18.76113 -87.174 67.9148
-69.25011 97.08697 -7.409691
81.82676 46.48672 46.32561
50.5254 -37.70873 71.1963
65.52146 28.54211 -59.86515
-79.53445 5.051436 -77.66166
-57.81246 94.46018 39.14416
-45.609 7.074426 -50.95057
18.3266 -54.57096 59.50727
-17.92394 23.55876 100.7658
-96.80051 68.76218 30.27307
-2.785551 -0.1604913 7.279548
27.42012 22.83969 101.1357
-57.76279 92.10635 -12.10469
18.15483 102.359 -16.39922
-62.96042 104.6228 6.500617
-45.33134 4.425438 -15.36395
53.74874 -38.69976 103.9246
71.13741 15.01509 82.25858
-68.15257 80.88386 -13.34126
-105.4615 49.33695 36.27139
31.41901 -55.75819 -100.6129
-58.11493 -25.38505 83.25802
74.34351 10.57065 23.3763
-81.50166 22.04139 -16.93085
78.68658 78.04337 -17.40844
61.46928 -24.22609 -99.81508
-18.71577 28.26343 -9.380794
4.009912 69.65295 72.23824
-87.21484 -47.65113 -41.19324
59.1287 43.1004 75.74544
-122.4127 17.51816 -2.569082
46.27344 -17.99013 51.6634
3.195498 -110.4294 9.816482
38.14201 -34.66825 -20.8372
24.10367 -105.3298 -26.57424
17.345 19.50177 -25.68299
76.76237 13.05054 30.89765
-87.32545 -2.627776 57.83047
55.67907 -48.31117 83.90757
-24.84845 6.623567 -38.55433
43.16353 -84.45487 -61.85722
-41.90248 -87.46718 -21.00619
85.65809 68.03442 -3.576167
60.73724 -21.48795 66.08825
-26.32759 94.49709 52.7281
-23.87666 104.8335 -6.088128
35.07792 101.3733 -16.18418
-58.96899 -68.10468 -55.86015
7.64437 4.534091 -12.71017
70.8742 71.48584 -44.56992
-65.02166 -40.31821 -88.26286
-33.37942 -93.47538 -1.366529
40.19001 -57.3346 -95.5965
-60.43822 9.605316 80.47581
61.84797 -13.43836 97.85117
-78.21696 63.66126 -12.63916
71.62778 26.20432 75.64229
26.55854 -95.61054 -56.67916
-75.73611 9.182384 -22.97064
-67.76811 102.2138 16.99993
-37.9285 41.54763 85.62861
-61.76628 -62.89025 37.30128
39.17456 -96.45728 -41.79834
-8.915059 -12.7742 107.6023
71.62054 8.803478 21.50676
-70.91112 -54.01626 28.87316
-17.54945 -20.53257 103.2853
81.98664 29.00599 -79.05287
-42.00708 99.27448 -12.14672
41.45966 -90.01807 69.9572
44.46595 -95.01463 53.31321
38.23837 14.86308 -75.18581
70.0813 11.5873 -61.57213
-65.89438 10.60865 -50.5974
39.41943 -17.49483 -29.81023
55.73947 -49.23474 96.78771
-52.20755 15.42225 86.08807
-67.14828 68.53793 -11.46079
28.47104 -1.048144 111.0821
42.32688 -90.20772 55.3089
-43.69125 106.6087 -4.225183
46.77031 -96.47952 -16.28128
76.79402 37.42007 -41.61005
-1.204293 -56.62231 -107.5074
-10.8276 97.95435 -13.88213
57.50005 -66.52184 -56.90456
44.19597 -96.07435 -39.70178
-127.5058 38.09591 -17.9159
11.66574 -44.13965 -109.2755
31.27723 12.08833 -32.17725
48.32838 17.00744 99.26113
75.05175 -11.14692 -89.55237
22.36534 71.51857 71.70066
-52.77213 -79.83015 11.64874
-10.63857 -100.9341 44.11144
-32.74176 -87.74098 -44.27781
91.42506 53.52031 -18.53298
66.22025 -8.19748 88.99013
-57.38309 4.933562 16.07242
-1.970835 -27.41194 108.1984
36.16829 -67.60108 -88.99381
44.15215 92.1531 -24.72591
-118.3236 58.78942 -13.9617
7.197672 9.879894 -64.16452
-93.91217 14.09541 53.52725
35.31527 58.2804 77.89281
-29.4712 -32.86755 -105.9377
-57.82927 -28.64006 77.15205
-72.36813 100.2664 8.669892
2.177772 -105.9625 45.03436
16.38483 -12.77698 36.91295
-39.67111 -76.81571 -65.68743
-10.2344 106.7783 -7.362256
-66.69911 8.57213 -15.17104
45.97543 -57.41632 -21.86604
42.8921 -66.99604 77.56017
14.57949 -62.09432 39.78701
1.687859 10.40567 -10.68307
27.48876 -47.43544 -109.5032
4.388522 -106.4098 -28.28301
-47.48739 92.6671 -9.144779
-79.29079 11.12772 69.02256
62.22143 76.64594 -42.19638
-16.3114 -62.0476 92.78365
88.59053 54.13112 5.005622
-96.88165 49.73088 -18.23492
-8.21307 -106.1179 -15.79029
-25.39992 -95.97616 -35.45591
12.52648 -111.1805 24.26584
-6.973725 -100.8508 -41.72875
38.76706 98.59478 -21.42993
51.24854 50.20795 75.476
68.14212 74.49411 -43.61635
66.97211 -28.10086 -90.83316
-36.28283 -18.99935 30.17082
-35.83685 -9.733768 -100.9594
79.12685 24.73637 64.55506
27.56874 5.668145 -5.114374
-64.39667 8.448638 -12.01538
-5.46708 -62.40293 -95.79865
-47.00291 56.07967 -9.163567
18.01324 10.25883 -80.71772
-76.45309 93.86763 26.6024
-17.97397 -1.567123 -96.91999
1.789276 97.57389 -19.8128
37.97367 -77.47517 64.55826
63.30378 94.67413 -19.98437
83.45524 73.86415 -19.15233
44.19719 -27.4994 -30.53417
-47.25892 109.7419 6.416142
-56.4841 -76.21523 -23.31345
-47.10368 89.98651 48.64991
66.91321 7.93896 22.13076
19.40835 84.66172 57.04163
-22.53759 113.938 -3.473375
43.98016 -94.08187 -13.54654
-31.18317 -6.840333 18.40705
73.41077 32.41705 -60.59762
39.00408 14.05548 101.6343
61.35432 8.13786 -97.25374
-8.884928 106.1637 36.71111
0.181765 3.007384 -11.71694
53.27155 16.0704 -91.22212
33.71062 -78.63945 34.05678
83.75549 35.23942 -70.97877
62.42829 46.5346 -54.59386
-36.84873 48.07375 83.99136
1.768127 -16.71608 38.09206
-56.38506 -21.70908 -93.0429
-34.38948 -82.66568 -58.87186
-51.5005 -59.56539 61.18607
-88.96373 22.29569 59.37939
38.66919 -5.838095 32.95084
1.196581 10.00882 -56.45583
62.9982 -39.02494 80.01128
-122.7811 18.64177 -22.91436
50.14651 -33.12343 106.0331
-77.14323 53.11513 60.49408
-17.46281 -82.86774 73.15179
-5.476753 37.85395 -17.32381
14.92092 10.29115 -63.16695
-41.94825 109.3794 24.72394
5.018644 -53.04184 104.2981
22.51195 -23.70973 53.61182
44.61476 1.17344 -101.6822
-11.64892 -96.93352 -43.19522
46.3111 -61.77769 -19.11246
16.05634 82.57105 64.20587
-46.75159 76.33434 -13.37893
-24.63456 109.7914 -3.585032
-39.12502 -54.51476 -89.1376
-94.90492 -39.49031 -12.92646
57.35263 -52.89809 85.16528
23.13818 2.985806 7.952363
-33.98585 48.15111 -10.68048
7.541454 -7.906162 -11.42621
81.98001 26.92285 54.23055
36.36548 -8.748883 38.33177
71.15998 21.58119 -87.40082
7.435587 -83.57033 89.81287
-104.1215 29.56975 38.9711
-41.9661 -84.27504 30.04696
-102.9848 27.85601 -39.36395
51.66676 98.1452 -16.77981
16.79285 10.00661 110.7156
62.06173 -15.43687 101.2796
74.36976 7.509104 -95.6532
-109.6481 40.73709 31.42339
80.09258 8.712727 -91.07581
-9.111209 -25.34317 -107.5941
65.46055 13.07051 89.40086
-117.8036 58.3833 1.28933
-35.13778 -76.33609 -63.11355
47.58513 -68.05324 83.87202
90.26062 62.88472 -34.95016
16.56963 8.380821 -84.19408
75.90954 65.7142 -53.26062
9.660532 -91.15942 80.58493
-121.3977 22.89147 0.5617931
-38.42836 -41.18788 87.03741
37.78718 4.053615 8.250058
21.516 -17.95987 -15.77142
-29.49713 -26.41177 -104.6641
23.6191 12.16714 -51.82669
87.85135 37.37896 30.12257
-23.38472 62.73853 -16.37416
-50.74162 35.3898 1.288801
-44.60394 -66.77201 -70.55971
40.42276 -72.20802 75.65594
8.320078 -54.16629 54.57537
-65.53632 104.9531 11.12953
15.3814 -85.02955 90.75774
-8.965219 -4.362607 -0.3796276
75.42529 75.36221 -44.32344
39.50159 -83.04462 -73.78787
13.36024 -82.84985 -78.67605
44.70768 -73.40865 96.97337
72.79592 -0.4239168 75.35339
4.558106 -4.786455 20.99839
88.38567 61.54213 -41.83904
42.01165 93.13334 -30.26845
-76.62989 15.2914 -20.30526
41.57319 -1.075482 110.5878
57.22337 24.60249 -59.06903
45.4714 -0.002243123 105.084
30.47563 -36.47296 114.4259
-66.06181 102.9492 -1.48851
32.60164 -93.27235 -56.0803
76.77101 8.505493 56.70513
-60.08184 -45.59803 -84.99831
50.58539 -9.473085 42.64445
49.16045 8.647852 -96.71226
-62.13415 63.94011 62.51307
-52.21621 75.46912 -11.9347
42.01315 13.65431 -86.51715
48.76098 -24.69564 60.78193
87.96529 45.01664 -2.666304
-126.9256 32.00731 -15.45285
84.18074 33.32079 2.62747
7.48473 -7.620931 111.0352
-49.90224 5.32468 -19.63611
55.88676 -12.34746 -104.9016
2.827687 -77.01112 92.22192
42.27446 95.65306 25.91516
45.87876 17.1777 -53.19648
61.52916 -29.05126 76.25562
-59.96799 -71.05649 17.45539
-4.44748 -105.0715 -27.21333
80.33009 79.57175 -25.46412
-77.64507 2.72097 -74.92412
-22.05603 112.8189 20.96067
-34.03759 -15.99435 21.61806
39.46946 -67.41859 1.655287
28.71354 -10.78836 36.77574
-69.93305 -23.71171 70.49899
-14.5839 -81.25868 78.69629
-11.64261 -0.3519993 7.275243
67.66328 -27.05429 -50.74496
-2.918994 95.1666 -20.20681
11.33908 -28.10758 112.5393
-59.40384 -1.599174 -88.3464
-4.964497 -45.94725 33.98694
-79.21539 -13.9387 -80.20572
18.7547 87.89296 52.34638
56.61439 84.4746 -35.77123
55.45876 -65.83945 -28.31734
-29.61759 6.840199 -74.29668
-40.22222 7.727901 -62.73723
71.06944 5.491308 36.95156
30.07872 -39.21024 64.00153
-5.270302 113.1966 11.21747
-54.05729 110.2057 11.00118
-66.91374 -67.86312 -8.148818
-34.46987 101.2193 41.47465
18.91216 -65.54941 41.6014
45.0916 -90.4637 -47.92503
66.26117 -21.22455 86.215
80.80043 55.92785 42.68111
31.40964 85.91064 51.76417
-19.12269 104.3881 -14.40726
-41.51972 93.63409 -12.53109
-6.744346 -6.724139 23.44247
-9.30128 -35.91748 44.81944
-59.69935 3.273265 -83.439
79.74899 39.38075 -46.44523
35.02951 -35.57644 -108.2677
-8.118062 -80.95614 -80.8262
-64.77417 88.46397 -11.46993
87.14011 69.54231 -11.431
42.01288 9.262301 -92.78246
-15.25964 -96.46104 52.45498
34.69167 47.85049 -39.9205
-34.47288 110.5845 -0.4070528
-94.3827 -15.63833 -74.82348
-76.94966 12.21252 -14.98761
32.91638 105.225 -4.750648
25.51644 -39.98428 60.60466
-61.64757 92.69329 -10.05135
34.57308 -9.824538 -107.2948
72.63753 51.20086 -56.96759
-74.26142 8.460779 -64.41955
18.9238 -68.60849 33.1783
-68.90607 -37.4913 57.73469
-95.51497 -39.87444 -38.55793
-3.439496 -56.07347 -105.1324
70.5714 -8.17269 74.97287
8.037691 -48.19151 -110.119
-11.11922 -106.5315 16.34901
13.24892 -78.25974 -86.60857
68.13573 69.04417 -48.18283
23.41019 11.37978 -67.21301
-29.25595 -64.97664 -84.88334
90.08657 46.84207 -4.815564
-43.3776 93.45179 -8.951738
18.47544 12.58106 -56.61058
-60.9895 -21.43996 82.33229
-44.28067 8.556123 14.17072
59.89482 -46.25027 95.81263
-21.73297 -62.60252 -91.70125
90.6525 60.4535 -5.754299
-76.31473 -1.748483 73.81673
-59.0013 -52.52876 58.0254
-33.3693 104.1966 -5.343927
15.70919 -41.07725 111.2894
-62.33624 -35.95504 71.62422
36.65585 -55.35975 109.6674
89.49695 49.15203 10.13485
56.15847 -67.96589 -70.77433
63.77922 22.40754 -79.81419
-13.31812 -10.7029 -101.9927
59.79236 -27.13724 99.28609
-19.31518 96.7168 -16.08709
56.57705 92.02948 -25.9955
49.31992 -75.85375 -23.32507
-93.90806 67.51894 -15.20241
2.395292 107.4105 29.0737
-116.2749 28.10934 -39.50336
57.91894 -51.46212 89.56668
52.20607 -80.4796 -31.5226
-23.82417 -36.01219 97.36719
-1.398628 111.4245 -1.496857
0.2869259 -53.85811 -111.1152
-4.82684 97.05014 49.09297
17.41948 -31.73164 112.0319
65.45196 87.54148 -18.2713
33.18051 -68.85977 101.5729
73.81589 -0.8252138 -65.453
70.47311 42.81464 -56.35587
-99.14613 45.94228 46.96276
-94.28283 40.37602 54.65392
-78.2495 15.40139 -54.83433
-14.80582 -37.58693 34.49206
67.33974 -12.15752 -102.3821
6.723978 -97.87682 -52.87994
-90.22272 13.65515 -63.88793
-41.27089 111.9456 17.62976
54.4885 20.24629 -83.22256
-57.93087 -61.56359 50.02163
86.89255 28.68792 26.56538
32.48799 82.67064 -33.97999
24.79068 -8.159236 -106.1545
48.47455 -55.42473 -20.21899
70.35786 89.80159 -14.67495
63.77231 20.80636 -22.90775
-99.56258 68.73354 -15.69668
-1.651419 -65.14085 97.08778
-85.6433 80.97382 32.39666
27.13312 -34.84897 -11.76265
-16.39874 83.96416 -18.01001
-91.10723 89.46405 8.570571
57.36069 -70.30778 -42.0993
75.17385 46.24657 57.49867
-108.9733 -9.000893 -45.72554
-61.49678 -14.98232 79.82639
-27.24497 106.4989 39.4164
44.29488 -95.84489 36.2273
-54.64804 -6.968037 88.92846
28.3059 -3.427239 -103.6144
30.42105 -65.34103 67.27837
3.117079 -110.646 -7.776496
70.29773 86.1472 -13.60949
-19.2042 108.0895 -7.825068
64.41569 26.90487 -64.44859
79.64962 11.19726 65.47906
-41.07436 -86.02202 -32.52918
-18.75572 -75.61132 -78.0241
43.49193 99.18827 13.65227
45.11755 -81.9614 70.24413
-73.93484 32.32204 70.50802
-92.45087 56.39172 46.90063
-68.17048 7.544224 -0.913209
-53.23536 -1.261954 -1.146086
-65.16387 36.01962 1.623053
59.82349 -11.80415 -104.557
46.27534 -96.00333 -32.84192
70.14053 53.68214 -59.61354
-46.54667 106.8974 2.370641
31.03313 -42.96657 112.4232
55.33527 88.76863 -30.57995
29.72059 -101.6542 -37.99614
9.138676 6.95154 -89.37717
-21.73888 -91.96786 62.05965
8.02703 -53.88258 104.5237
-22.39982 107.2478 -8.982672
44.17603 -35.72948 -104.9272
-62.49524 9.259187 -59.61636
-14.38076 -100.0648 39.61862
65.4865 -13.55667 96.03017
-27.10804 -42.07927 -103.6152
-66.64172 -6.31308 77.55527
-19.97419 53.42589 -14.10125
8.450412 -52.57632 -110.5339
86.51109 68.36371 -36.76122
17.70043 -87.54523 -72.02405
-43.77838 0.6409376 -0.5042922
-76.31811 12.551 -50.73397
29.05914 -7.713947 33.2948
-43.2791 -11.98926 25.53425
-32.76043 -20.76676 33.2094
55.42229 47.84549 74.89544
89.58055 65.41175 -20.06415
-71.93296 12.72318 -66.41476
-45.50272 2.267282 -79.7534
-28.7897 58.66227 81.20419
83.84023 53.67235 -56.54612
50.1155 -84.83775 -17.91691
-72.12631 22.17126 74.38223
-39.0675 -8.788162 24.23145
10.23397 -33.03419 -108.9686
18.5208 -17.07115 42.91125
-1.043214 110.9952 -5.259978
-10.1467 -29.6706 15.59271
28.80927 10.85961 -44.45068
69.97407 -10.15077 -56.67155
62.35002 25.34799 -55.8817
46.07878 -61.18056 -10.96717
-44.27746 -85.31743 -29.95949
39.95971 -92.68568 66.77883
39.42614 -103.1306 57.39553
47.96236 -72.20348 89.60078
-63.44115 9.144681 78.97688
61.32307 -38.85934 88.72314
63.15096 58.0433 60.72878
-8.732434 45.3266 -18.9465
30.82154 -107.7124 -13.76803
73.66319 25.29424 -7.865403
58.75356 -30.22565 70.99138
57.92961 69.55455 -46.19769
-93.58797 73.04066 32.63234
-98.12118 55.719 39.70022
85.2889 27.10717 35.13183
-39.16299 20.66975 4.829042
-7.137581 -45.18153 -108.9768
-4.482638 110.0104 -9.24734
-19.07566 -87.81525 63.66092
-39.98308 -42.96856 -96.00943
66.91307 -5.924348 59.36782
-17.1601 -103.2663 -18.31105
-65.83024 4.643978 3.116182
90.50418 45.7005 5.119273
-38.19283 -87.3737 29.33286
-68.64282 73.71492 -13.71009
41.69678 4.555147 107.8765
27.41971 -7.962896 111.8897
-38.07313 -79.87555 -64.26556
-85.14336 52.11802 -13.82871
37.53154 -90.99262 -64.48265
-9.969021 -54.23223 -101.4136
62.88024 -26.06596 100.2444
0.3899536 -53.5546 45.18832
68.0619 52.00554 -54.37971
9.373844 3.600239 -87.40778
13.7741 -18.42465 -110.2925
35.42674 -19.55596 49.65223
43.64738 -68.47651 -89.35995
-29.92518 111.6098 6.677606
55.31633 9.595273 97.18156
30.74317 -60.40486 7.064038
-48.49352 -70.99046 50.00103
27.54427 19.30077 -30.36857
20.98271 -65.30718 103.9836
-29.5966 -75.08177 -77.94786
-66.01885 8.935726 -7.648762
66.01555 -1.881916 -52.85471
-6.08496 15.61049 107.1527
-124.5019 48.03814 -6.353317
42.02808 -10.75778 -32.50252
-12.97399 -64.19893 91.58224
-91.70927 0.3350887 58.13523
45.24321 -64.4044 80.34041
-39.43951 -10.0198 -98.55676
10.02332 1.551715 5.131475
62.67644 -7.815409 51.35596
-17.35848 -85.23916 65.59792
10.21786 -55.56264 51.05255
-96.35088 -4.377448 -70.92815
74.41238 54.98674 -60.21555
-55.49485 -78.96455 -6.982452
-66.51015 99.24195 2.520159
71.42298 13.65258 23.77812
-6.675831 102.7762 -11.96966
15.0449 -98.14981 73.39503
41.28009 -61.91369 -92.24421
-9.968469 -107.002 4.988457
4.305734 -100.8474 60.1681
50.9725 -89.54574 -21.81936
70.18575 -11.97081 68.06964
-72.95184 103.5824 12.96087
66.98456 4.456252 -55.06892
89.07282 49.0097 -22.48292
61.73326 -51.46659 -81.76463
80.83311 38.49253 53.41444
37.8542 -44.83175 -14.47833
-102.9534 4.336185 35.70843
-27.19625 -26.81202 -102.0459
52.15131 -49.61536 96.45823
27.40131 9.694082 108.5471
-23.94204 7.643116 -70.5433
65.99881 9.359347 10.47648
16.87391 -58.48918 -104.3659
-63.96201 2.17815 2.054195
-86.47214 74.69779 38.87605
52.60686 -85.56499 -27.7901
49.21655 -62.68382 97.80354
-32.88634 -14.00172 24.3206
-11.88842 97.50513 -18.70318
-66.64682 102.3473 1.553962
67.69397 -7.280902 92.84198
-71.59244 74.39603 -10.34322
47.6395 -77.52039 -14.43709
54.00876 -55.7395 96.0758
28.07354 5.001938 0.8360375
-20.00915 -13.26242 -103.8018
-9.349261 111.0646 -9.23656
-14.24308 -107.481 6.276891
-92.00928 48.83126 -19.69754
0.7618884 -48.36008 27.78815
76.58489 3.27988 58.2006
63.92881 -12.77594 56.80184
48.1306 -39.53903 108.306
46.06326 -8.916224 41.97813
-122.4847 12.04494 -37.14025
63.71979 19.46744 -26.45075
57.17857 -18.88373 104.3543
-70.70528 11.3136 -25.38856
70.42942 58.3659 48.78362
-65.36067 14.8383 -60.19964
55.84441 -74.95185 -39.7244
45.37309 -65.00298 -86.59
24.12378 13.44475 -72.02856
59.42144 23.65691 -62.69035
11.18345 26.67992 -23.2442
-102.3119 64.655 -15.52561
55.16151 -12.85702 -43.34172
-102.2259 75.08331 -12.52183
-69.22536 58.4791 -10.42101
-15.20292 107.213 34.69379
-76.11858 -1.073433 69.55194
-97.29553 11.54996 50.82955
-9.591589 46.71495 89.90697
54.73344 -44.60512 98.18609
83.63239 73.1108 10.17699
9.73208 -0.4672257 8.703094
44.13539 -94.00168 -30.02823
89.29864 65.40873 12.49355
-48.22239 -1.481291 -92.84467
-58.70113 -63.29954 41.53328
-45.89961 95.30268 -12.69221
24.54115 -69.34525 28.48919
45.11882 -84.74573 17.01596
-15.09437 -74.38631 84.48124
-2.088578 -105.1854 40.37635
77.11214 -4.165847 -90.39954
-18.4771 -97.22096 -45.29618
40.16664 -34.6237 -108.1918
-52.01171 -75.85596 -49.72931
37.90316 52.42852 -41.43801
-13.90558 76.53179 -20.71949
-45.16708 102.0912 -11.87985
74.44022 -2.71823 78.58026
-23.25541 56.43681 82.67767
80.0166 29.13815 0.6310269
56.10974 -60.43326 91.53037
-68.78696 11.7831 -35.09483
34.77971 -79.74318 64.32652
-80.8009 15.35556 -50.58613
59.70455 28.39905 86.28172
13.33814 -0.3340527 -17.30655
86.78521 36.90018 8.87935
53.77086 -27.75125 69.62626
53.68082 20.59767 93.68315
-68.36266 -45.24005 55.11746
81.96448 23.19209 26.4411
52.14356 -5.982862 -107.9382
5.593827 12.63614 -15.79961
42.14112 -39.71309 67.79553
60.0895 -46.79027 86.50021
-60.99811 103.784 22.77681
-0.9424716 4.779284 108.3405
57.34204 -62.14369 -75.07401
88.17377 51.26538 19.58469
-2.875691 101.6602 -17.41891
0.4361639 -2.338655 17.62296
-82.22575 -52.16222 4.247019
41.53353 -94.03614 71.58501
-27.18926 -72.52716 -77.19035
15.03843 29.88884 101.2749
33.8359 97.67642 28.66115
18.24477 10.23625 -59.83244
28.62987 105.7817 -9.189343
-125.5881 23.40262 -30.66527
-2.56852 -22.0241 5.207456
24.82995 -85.62649 -74.80361
-7.852521 -106.1714 29.39073
60.2016 6.522104 14.41375
-61.34895 -44.18063 62.14603
33.46384 -42.93443 -12.69593
-77.58848 93.00421 -2.203225
49.0009 -76.2598 86.27322
58.93625 -43.0863 81.25431
-53.04615 96.00124 41.41512
-48.51593 -60.25972 -77.26305
49.23475 -58.56633 -23.65544
-89.69969 42.37597 -18.71518
73.95837 32.2733 -33.12813
-41.8804 2.794244 14.70123
24.1715 -26.90918 113.0465
-11.06562 -100.0073 -45.8717
-33.10855 6.53652 -77.3875
-6.247652 -87.60007 80.23465
27.73636 -26.36466 56.66819
79.04636 80.26958 -9.244689
20.17437 -52.69604 10.35954
-62.0128 -69.07072 -46.63722
-15.41235 -23.14811 104.9419
37.2121 -81.15814 -78.19617
-69.78576 -57.28218 -59.07067
23.41136 -103.85 60.62739
35.99775 11.27916 -38.62364
28.47561 12.10849 -82.62147
-66.79861 47.97315 -4.166049
71.57948 22.75461 -63.62597
-59.44151 106.9545 1.267958
-38.48772 -51.46113 81.92159
-36.02847 -84.1677 51.71968
-79.73762 -30.18002 -79.41264
44.4967 36.11987 90.21217
-19.17641 -95.52258 48.07008
-12.57236 113.8086 7.053782
-72.66357 36.61015 -1.962364
-48.99467 -24.16071 86.14274
5.69651 -17.62879 110.9025
56.83121 17.87907 -90.70541
22.80131 -92.8931 82.52111
38.20764 -104.3909 42.73997
-62.12186 102.3412 0.8159485
61.49952 9.926092 10.8737
10.66148 109.7822 -5.849732
63.44398 12.09378 93.9453
36.57629 -105.3173 34.83881
-86.13125 -29.99367 -70.67007
-58.38618 -58.3655 55.02374
31.58958 -6.444502 35.65274
-52.97259 -6.38042 85.73183
44.13081 -3.056139 -108.3061
-5.441658 -35.34139 19.23474
-66.69167 63.15935 -8.959867
-55.99853 -51.156 62.8245
-79.70393 88.77985 -7.670449
-90.11182 30.59228 -26.01126
2.460071 -9.074183 -103.1226
25.34545 -74.74182 47.92532
-58.06405 75.18571 -11.78613
19.92814 -52.78955 109.7295
-86.56638 93.87222 19.19834
0.4176353 3.755826 -16.52921
49.26117 -86.05309 -47.26684
-64.87216 37.04374 74.36364
4.892144 112.426 -1.334903
81.99273 16.33722 40.28227
-55.13722 -26.70448 80.65591
43.25843 -89.28169 47.00147
-47.72425 0.5029236 20.55101
52.45494 -52.3363 87.16478
-22.20956 113.1871 7.798441
-58.16208 -4.751765 -86.45071
-56.14092 -76.69321 -33.81736
-114.8859 14.83978 -45.50579
-32.0747 103.2257 -9.707048
11.90647 -63.47335 43.67942
-55.39203 99.12169 -4.921734
85.76906 22.57278 49.53595
-20.951 52.97693 -17.89825
76.61497 82.36079 -3.334626
-90.11597 0.3729447 54.60189
19.51564 35.06249 -29.30825
-5.067191 -58.00875 -101.7801
75.13813 82.13789 -6.287051
1.899293 -69.30698 -93.63367
-36.44179 -74.80096 -65.76611
-16.66089 -98.68808 42.01541
69.63142 23.91271 -57.03254
23.33995 -12.37257 -19.36697
73.02693 57.77818 -58.29425
-121.8093 16.98201 -27.73233
-69.21809 -66.36581 -35.64729
73.97027 -9.700373 -84.19862
-35.53723 99.30145 -12.88427
-32.4981 -67.82181 74.58317
-82.74426 -34.76257 -71.31833
11.85398 -54.13442 -105.9327
-55.20549 -76.16946 -13.38827
92.27713 53.94655 2.879342
-21.72268 111.5888 25.74984
-80.62778 -35.18713 -75.17069
30.47805 -78.45983 45.35628
50.40467 -39.62083 75.05801
26.62726 -41.72607 -6.148228
62.75229 -13.59018 -99.91123
64.00101 34.35808 -56.3048
-125.6807 27.84511 -33.16645
34.83712 57.6856 -39.59243
-49.07297 -24.70683 89.77631
-108.077 45.03033 32.04415
65.92619 87.50468 -28.05533
29.53236 11.72769 -48.67981
29.72104 -22.95454 -19.74346
39.82153 -30.55689 -24.17688
-89.54484 47.56423 52.62134
82.51422 71.95449 -39.66328
-29.06575 -86.87454 57.02683
-94.6711 -17.16789 -70.21296
61.87185 -0.9528122 -103.2262
40.60877 -95.48268 -47.62669
-13.6469 92.80325 -18.34315
-22.97051 -87.48888 65.01815
54.05661 -76.15781 -65.00095
-103.9939 1.273677 30.85958
-95.42603 0.2692338 51.88406
-14.34013 2.075628 -6.175437
-112.5712 27.76396 -44.60815
-48.11507 47.44738 79.14132
88.29206 36.0757 14.36251
-40.73642 106.3545 33.25037
-59.19408 97.66049 33.67415
29.2893 -18.97544 47.96584
65.23425 -10.75879 -47.77792
-9.640931 -20.56907 -107.2027
25.15794 105.1985 15.26974
-21.20864 -77.92787 -78.4346
38.04803 -98.77648 70.73023
-0.6931102 -16.24436 -107.9598
45.959 -84.64959 82.87468
79.09454 33.37011 -72.51993
42.32726 -80.12363 91.82787
77.72593 -0.1430239 77.86643
-9.231786 -96.43665 59.588
40.05201 -76.81569 97.02438
-61.63477 -38.32719 67.05612
12.85474 10.87337 -77.19901
38.07158 -34.43863 63.30219
75.58157 69.63738 31.08017
-41.10141 7.808622 -30.07977
31.50582 0.03874907 17.58032
76.11445 77.61527 -32.94582
-53.69499 -76.51796 16.03908
47.4558 18.12428 -72.57262
-32.1243 -73.71825 71.42125
-24.39279 -101.5748 -3.237264
55.83535 -68.6946 -38.18642
-65.69431 -32.33538 70.24908
-101.1833 -17.2271 12.42216
-19.3817 110.8433 -2.587964
-57.62649 101.2551 -0.6016473
38.87001 19.00992 102.4475
-45.87097 71.04954 -13.7531
13.8345 -109.2911 44.864
-127.0098 28.10579 -26.00803
63.45893 -30.37435 -95.53688
51.79061 -14.04347 51.29847
33.7121 -105.2351 1.458497
61.67748 90.95856 -20.00953
22.24243 105.2546 -10.60439
-5.380234 -37.20165 22.85594
-14.72895 -4.340168 -96.90773
16.50269 5.916982 -90.33801
43.53629 -87.47429 12.96212
42.38094 8.887592 -7.617409
-72.26438 66.84576 -11.62407
-7.811846 -75.34842 86.75787
-17.16422 22.45022 -8.443534
-77.38008 27.31711 -4.513663
-56.86164 91.25547 -7.671186
-119.5719 13.93529 -41.86266
19.45085 -59.28726 -101.3648
-54.6811 95.93072 -5.957201
60.22965 -12.61004 56.62041
40.79499 7.741495 -0.8362228
60.52034 -55.42192 -77.68754
2.017285 -11.77726 34.12965
20.20259 -21.24898 -110.4324
67.24843 2.452878 36.43892
-33.48925 6.403451 -32.11221
77.5765 17.57534 -88.38576
-47.57669 63.69168 -11.12591
42.82294 -94.32158 23.56275
45.34737 -25.77451 63.40026
-57.39698 9.823986 -52.27464
-12.90435 106.1334 -12.26948
-59.1208 -68.03017 -51.44432
3.572114 -94.18441 -61.78204
44.06179 -56.2647 -15.91396
21.86721 -52.55537 -106.2968
14.70628 -52.02152 57.01432
22.74687 75.75636 62.86778
-43.71073 -22.56386 90.47619
-94.29198 -21.66091 -67.07642
-91.57264 -40.6995 -13.68652
83.82764 66.43867 -35.83559
29.69619 24.69453 104.1096
-1.835497 71.23102 -22.15515
-74.12459 -33.50274 52.8557
65.80916 -21.51317 92.96933
-28.33295 105.0384 -9.536139
-55.08485 28.60125 81.14513
60.5785 -60.37085 -73.65631
-36.82945 44.33123 89.81967
32.69986 -58.30815 67.0266
-6.147657 -54.29049 -100.9135
-46.73759 -34.20222 85.38533
-48.2676 27.2895 5.766149
-40.83865 40.58313 -5.229172
-13.36212 36.01679 -14.00178
17.95838 -6.763889 -104.0161
17.30165 -20.85974 112.9177
-65.86024 22.96171 77.46192
41.50106 -85.6817 72.25332
2.106159 -44.05246 106.2886
71.40649 19.89983 81.16344
-89.78445 -26.46291 -68.54145
30.79018 -73.85728 -85.10683
59.29431 -75.01825 -37.58846
37.6557 96.12707 28.20486
64.87961 2.195601 93.19595
-63.02476 84.64447 -12.44703
34.65731 14.0002 -36.70184
-1.868902 48.23517 -20.99254
-35.3171 104.5743 33.42075
-13.7938 7.587039 -76.09987
-45.21997 112.3947 18.13282
64.67834 4.939782 29.8215
33.12246 33.79387 95.89491
23.77327 -89.33936 -70.46907
-12.70544 -9.314098 105.1193
33.08536 3.741006 108.2193
65.34692 91.80133 -8.415378
-50.35228 -2.391855 11.2433
31.01579 -79.04285 31.41078
50.62091 -59.83873 93.2097
-20.20047 -36.18471 -107.6701
-59.70473 -70.89185 7.572904
13.1287 -7.971376 110.3153
0.7486503 -57.32005 -101.4225
-26.10349 -21.07108 34.5432
-83.85714 12.77818 -60.26628
44.86862 -72.17244 74.07191
16.27721 2.639508 -1.69171
15.36602 -63.29839 27.23454
38.26684 -82.5724 25.86742
-56.86543 30.11302 84.47205
-50.25643 110.572 14.12693
-71.02063 96.64568 26.61038
-19.13902 101.4073 -11.71609
23.83319 -50.23952 -103.8698
51.62832 -63.67996 -27.5105
39.02174 -46.15837 -18.12641
74.18991 13.6589 28.55537
69.61465 6.685242 -59.1661
-61.22856 57.14891 67.90441
-21.5542 -33.2 100.4657
-23.86729 101.0985 -11.84619
21.29419 -20.54638 -12.52469
57.64282 -35.93002 82.72747
89.48533 50.12515 -37.25302
-73.97929 72.70174 49.17416
14.90378 32.49997 -25.98498
45.59206 -81.18222 0.9440145
21.31104 -48.61407 -108.4233
-14.72601 103.1051 41.96802
-37.25948 -6.044535 12.03201
-123.6725 48.37275 -14.77424
-50.32595 -38.13651 79.96809
-72.85151 96.87571 -0.6770906
37.96428 -48.60157 -12.09397
-63.8725 -7.492778 79.46104
-38.30352 83.96182 -14.05626
-46.07887 -7.450524 15.83734
74.24303 25.37067 -64.3938
-10.8998 66.66772 -18.50983
-90.32799 25.24953 -27.53688
-91.67336 35.82384 -22.45943
42.7245 -75.59522 78.21378
-36.31143 -63.15684 -82.85648
42.76478 -80.20824 73.85915
73.37553 73.91486 -47.6604
38.39073 -73.29691 63.83506
64.14307 49.72229 -57.05361
34.41317 14.69411 -73.15224
-27.52001 -98.30259 -4.63065
22.70358 41.55374 -32.52357
-70.55386 -63.71512 -41.71072
43.6175 -21.38594 -32.28247
56.99273 7.489028 -98.34606
-79.63019 41.42422 64.12464
-72.87861 4.204419 72.43167
46.97007 -32.1902 -105.8792
20.28166 -46.10137 111.497
61.46959 -53.63758 -74.60315
38.56089 -21.67008 109.0842
34.54195 -90.8509 85.4608
56.13124 -34.20521 -99.44643
-47.1459 -77.73376 -51.42667
-16.96979 -86.72614 -65.39729
59.00823 10.0459 96.05116
74.82581 -7.701561 -75.88377
-97.40561 -1.371646 -67.73648
-4.363837 60.85033 -20.34089
-7.548614 -101.8335 -46.14026
4.46028 -109.1985 34.69117
-39.02554 -81.91086 -53.53349
10.76888 -47.22573 -106.3064
85.28802 59.49273 26.08678
-0.5059448 -92.87778 -62.43222
18.9852 -67.51037 46.48369
-80.36289 -55.98574 -21.37091
43.44276 2.703557 15.42771
87.138 60.13673 6.047566
55.3609 84.48542 34.0871
-85.6392 87.51565 -9.28954
87.15182 42.23666 4.524665
-13.7461 -90.39252 66.13544
43.57917 67.71104 -42.28328
-64.50649 11.39 81.43507
-63.4946 8.620261 -34.95399
-60.99032 57.93979 -6.49046
-60.84186 77.84284 -14.7192
19.4018 -21.62793 -14.92537
-6.298981 4.105162 -5.747877
31.79622 102.5605 -16.18437
-40.46856 44.59008 -7.32834
-62.51464 -58.91216 38.52672
-49.14235 -79.95288 21.96484
-93.21444 51.79258 -16.81741
-5.343726 -97.40729 61.71098
45.11775 16.8731 -80.39544
-15.89382 -15.97344 11.17018
-41.8929 103.3812 -3.748915
-5.460601 9.895213 107.1465
42.88702 57.82224 73.40995
34.86078 -100.4945 66.58249
-56.6592 -71.25944 26.58046
-29.07009 96.92509 -13.66051
-86.15013 88.87055 19.48477
66.81089 81.85489 20.51476
56.98716 -13.62791 51.44047
-62.63573 11.90988 -34.74768
45.70428 -91.95422 64.82735
-26.61081 70.18917 -16.01772
33.01647 -104.8211 -12.55578
11.4035 -4.392647 27.55857
-60.63048 87.59682 -8.336008
-53.90918 94.25955 -9.795997
90.8198 53.14566 13.70763
-3.375952 -64.90146 -96.80112
34.6513 12.02552 -78.33096
34.21324 -74.8951 16.64354
87.0545 62.01407 -33.88673
-6.297262 -85.18174 77.46937
-114.8538 59.88132 -20.62577
-80.17158 -8.841417 63.296
58.91764 1.716924 97.91581
-81.34296 14.86381 -19.9442
22.6365 -5.542739 22.60205
-47.2813 109.5528 1.097507
-35.9706 110.343 6.478588
20.5883 -17.61196 111.9654
-26.69276 -16.46467 30.12444
-56.35671 9.628733 86.09259
70.63271 -10.23798 -98.26981
18.55823 6.858902 108.7432
-92.69994 61.5784 -18.40975
-25.73815 -20.71757 99.75757
68.30489 -20.86058 -50.91054
-28.79026 1.298836 -88.35412
31.00076 -34.70026 111.5053
-54.2043 81.30747 -11.03285
-14.70726 56.26153 -17.0064
13.64252 13.65745 107.7492
-97.23573 84.83468 -5.479568
32.62669 -80.09697 39.37756
66.03516 -40.00928 -81.01147
-68.7962 19.87977 77.34952
-23.97147 -20.08694 20.00675
-62.20827 -74.00326 -31.484
-67.7749 16.30984 5.441929
43.73902 -29.85133 -107.2582
-120.2184 24.95172 -36.26768
-94.3266 66.1991 36.74138
8.457481 -51.23158 -103.9435
-27.53996 113.023 26.74219
34.8236 0.2572353 13.10841
58.50242 -23.20337 -47.14521
-19.06319 -5.243511 -95.97334
-115.6758 52.41808 16.28274
42.87861 91.55775 31.28238
73.28454 0.09725121 -71.6599
31.98875 86.55962 -30.58331
17.4997 9.716682 107.0073
25.27595 9.196501 -86.19084
69.11221 -1.079544 47.24802
-6.90923 -32.48899 13.84721
-37.19804 -18.98077 -102.2202
62.99041 81.55615 -36.98187
10.49869 -35.42301 4.673307
-13.54543 -54.6821 96.59665
67.75505 -9.764985 58.20729
23.47679 -25.7983 50.61902
-23.19183 0.5839129 100.7646
14.32764 -110.8202 -5.630144
-53.88693 -71.44538 -51.14624
-14.16783 -17.73809 -108.2375
36.45654 -2.054702 28.76035
54.03188 -54.88045 84.62364
77.24932 10.66804 39.98663
-99.71758 11.98519 45.01462
-49.64941 -77.92281 -38.31947
83.64046 66.00228 26.52333
74.16106 16.5065 12.8747
-90.06963 90.26945 1.44973
-32.35319 -80.72098 60.51206
-63.54054 74.70422 -12.77603
-90.71833 -40.50665 -47.75663
86.5016 66.46333 -31.01675
18.13462 -68.54153 -94.34709
-80.51546 74.1301 43.37331
62.84468 92.96468 -26.8035
-37.12281 -10.1616 13.60682
-51.41301 56.12714 -9.418145
44.25449 0.6377735 108.5006
85.56613 31.51013 43.31936
-42.70898 109.8497 3.484287
-19.64895 -6.638185 -99.68779
84.27316 65.81509 21.87406
88.29615 52.43545 -47.73474
63.3762 -31.18741 89.66294
34.40309 47.69746 86.28645
-47.08165 -47.55305 -91.09114
-34.68903 98.40318 -8.986052
-56.1458 -55.65012 -75.88647
-71.17687 69.74552 -14.80901
48.2455 -59.75895 -88.01636
24.18098 -68.44347 103.5042
6.572402 104.7505 35.18684
27.25985 0.04068086 -26.54406
49.45763 -53.78906 102.2363
28.70421 107.4396 14.72797
6.292207 50.74186 -24.77042
52.43305 -75.51875 -20.68605
6.187071 -63.29168 -98.60483
48.68377 -79.69903 -64.19808
-104.9885 25.31596 -51.7523
9.478048 -38.30898 -110.6235
-91.92033 87.54308 -3.868552
-74.00333 20.22699 -2.428596
-68.59866 -53.81153 36.75366
15.41825 79.85651 61.62963
-26.09841 -97.62406 -32.1979
-58.64518 104.4841 3.301447
-19.63447 -80.76476 74.7596
-16.22797 -57.70083 -98.59581
70.76694 77.61259 -43.6975
-1.653521 -109.3232 4.004338
24.40317 -90.59556 87.35189
-37.68581 102.1811 -10.06668
79.47195 26.70371 3.248697
36.65073 -82.7806 34.42799
44.3998 -64.75542 100.5074
43.87399 -82.94839 23.45093
13.13552 -8.658152 113.6539
-30.10357 -3.809235 11.17748
-94.92285 -27.00194 14.90547
-82.32261 90.40816 -4.573641
-50.89979 9.47972 -48.65225
-83.56519 -52.73608 -10.5834
-80.76846 0.6713883 -75.1225
69.08828 -17.08603 -53.20699
-65.44147 -44.51237 54.31709
77.14236 52.36777 46.73859
-27.68346 -5.296791 -97.79041
-34.79779 107.0302 -7.962764
25.54157 107.8595 2.271891
68.32777 -17.06745 -60.45917
40.50143 -58.99929 -13.47299
-1.927661 -40.5283 -108.1025
37.67935 -58.46821 70.27589
90.72585 41.4484 13.03588
-52.16957 0.149443 17.65238
25.96836 -2.885518 -24.62879
58.95949 -0.01551247 -102.1803
46.01014 -75.21639 83.64233
27.32329 -73.37547 56.46049
-20.92324 -13.79225 13.67628
69.05049 -20.87933 77.07348
-104.9876 42.2258 -30.24844
-56.66753 12.09017 83.83131
-97.41455 64.34943 -17.54441
40.12267 -23.60078 110.7612
-48.00172 -9.559563 89.67977
40.37759 -57.88317 102.1706
-45.01654 13.21428 90.37911
-100.5949 -33.72871 -40.08965
34.13214 -73.53745 20.31259
41.37894 -53.10439 -13.99206
56.01805 -30.44593 -101.5079
-64.82119 106.0189 3.300467
-36.97906 112.4656 14.91418
69.23924 -15.23786 86.00922
58.39375 -25.84651 -103.499
-51.69239 -72.00674 -56.84291
-119.3843 46.39796 9.697529
49.33399 -28.7811 60.92662
56.24062 -39.62168 77.72716
45.81295 -92.13721 23.61428
30.72236 -77.72607 -79.84209
-83.04855 93.83602 5.29204
42.5309 -6.688433 -105.4651
28.58012 -32.10517 -14.91734
2.552783 -99.19994 -51.54843
-35.02591 -9.625303 -97.14845
-72.86909 16.99977 72.97025
19.57119 5.845992 -9.744926
-0.4342667 -42.36165 19.12886
-16.83344 -104.155 9.121456
70.05447 19.32228 77.88324
53.22985 20.52772 -39.21428
5.318349 -55.15542 47.58664
-3.82243 -99.4268 -44.50043
58.73794 -51.8983 -40.60831
-3.627059 -95.15147 -56.24413
-34.46118 -13.11984 -98.00622
41.59785 16.00665 -52.66105
-110.3001 69.13834 -9.20475
-9.353279 102.0846 43.04182
-99.83401 47.99394 -22.28949
-52.16766 99.76241 -9.051868
-24.53251 -12.89202 -101.13
23.32452 -1.7419 24.99556
37.60952 -40.94986 108.4894
84.60424 56.55054 30.28918
-52.03688 68.87988 -12.85179
55.10398 -8.857717 -45.12028
50.68383 -76.02307 -66.51623
6.704033 3.964409 -93.946
-15.3558 -97.71799 -44.18126
16.32145 -34.53961 -2.102232
7.018425 -28.68256 49.21285
-49.88448 -55.32836 68.37273
55.77673 94.77898 1.675853
-96.96006 18.22914 49.77349
18.35554 -107.9399 -18.39362
73.70625 9.725305 -91.24334
0.8032883 -60.58107 100.4843
19.79488 -109.3418 30.53943
86.60793 33.72192 36.84011
55.78766 -4.27283 39.71478
3.835305 -53.02366 -107.3276
-110.1505 11.59951 21.67297
27.36988 10.83067 -35.90658
-75.9771 2.646943 72.47037
-57.0284 -74.33301 -36.57703
-79.99561 97.9338 4.460287
-122.8555 50.31275 1.117226
-1.088739 -90.22717 -64.24509
44.57475 -94.79162 18.6607
-6.786958 3.936842 -14.49186
43.35415 -16.42285 -30.71809
43.89679 -68.6861 -7.513149
32.09336 -65.5993 103.6242
-12.62018 -34.74626 22.03496
29.39494 -78.78024 -83.23576
44.03622 -95.40896 68.1744
66.36583 -20.01239 -57.802
-70.21233 -30.88466 -84.30138
-60.08888 7.893356 -28.84573
83.25655 37.39753 -67.71624
-102.9704 -14.73384 10.19591
-2.199144 2.542717 -86.4195
32.80219 7.668774 -31.85609
5.001481 -44.95609 -109.1331
-36.6081 108.2169 34.67826
53.18515 6.782563 -102.1522
27.73332 12.94885 -59.53646
-40.99227 60.25683 -12.77304
10.03358 110.0487 -2.496351
-63.61867 100.3168 -5.701237
45.11913 -65.92911 -5.631373
60.67531 -37.57819 82.0901
53.21044 12.60103 98.38034
-12.14408 -18.21007 -104.2172
-60.58065 -72.6776 13.13896
-47.96596 -49.92058 74.22105
65.47943 -47.74055 -52.56529
27.93793 -53.78365 -102.5674
67.1629 43.23701 -57.62162
60.45466 -1.511699 99.97055
57.1889 -41.87935 93.91154
9.993473 -74.2692 96.33612
-13.2845 4.44077 -19.90369
-106.785 64.64845 -16.98541
77.80045 19.7719 64.50111
2.488466 -26.32084 110.0773
-52.53282 0.9336691 1.475875
-2.64075 -9.656584 -2.112837
-29.89122 -43.81142 -100.449
-98.87794 77.08046 -12.25915
45.6725 -80.01247 84.34464
27.65751 -89.72347 -69.8644
-121.8926 42.99752 4.800866
44.22015 -54.85793 107.3489
30.39293 -77.46794 50.96941
45.24061 -6.913908 -107.9121
-81.78267 93.65145 21.99113
-96.17567 83.72192 13.38264
-96.9578 12.61372 -61.66091
-42.85337 108.6292 19.99477
-104.341 58.79702 28.64385
54.78091 -58.17165 98.02893
71.43066 -9.07257 -92.8056
-88.28802 58.84986 -14.68863
-15.34735 104.5749 -9.732363
66.75894 25.74746 -81.39805
73.66714 87.42876 -16.58647
60.98468 -42.05302 93.67831
66.51826 2.485819 -98.91974
11.70361 -7.520385 24.58983
4.136224 4.797531 -87.18673
55.60573 -24.75905 -101.5543
34.79255 -40.18222 -107.303
-25.71757 96.20413 -13.32234
10.91379 100.3701 41.20111
54.29069 -76.24077 -25.42149
73.1521 10.41376 -61.68047
35.60544 -83.84272 46.49368
-81.18664 89.26433 22.57287
-16.1201 -103.6227 14.64028
48.54728 -66.9543 -80.9583
16.55416 -1.233403 -98.01302
60.84651 23.559 -50.32837
67.84215 -24.20353 83.243
-87.56577 42.52118 -12.69363
35.54335 103.7711 8.796494
-64.15342 -29.04249 69.65443
19.75565 -110.665 0.5121685
-53.03437 -79.21915 -3.465522
-53.15476 -32.57693 81.29375
68.30803 37.91643 -57.47726
70.29102 -28.28399 -74.84985
-15.73604 -71.38647 -84.85284
-12.73504 -25.43837 13.35544
-65.55145 -67.60623 14.96816
-50.33623 -44.86416 75.99634
71.35677 4.317077 84.11652
-5.547594 84.89969 -20.05535
-63.97983 5.412214 8.550263
-28.05761 42.79393 88.98894
29.02241 -54.02765 107.9028
68.21078 3.125904 89.37227
72.59351 83.40277 -33.18971
39.99702 -53.51487 104.5616
-104.061 63.71586 -20.8799
56.63061 30.78926 86.11755
75.16102 59.65452 45.30375
-54.05729 106.9111 6.867691
-58.81379 59.5559 -10.5687
38.42175 -59.06896 106.3095
-19.93962 -19.01414 -102.7868
25.45853 -56.50698 8.01859
-67.97985 104.2958 5.813937
-21.11302 -17.45731 -107.9077
-55.73803 -0.1488851 4.531719
-75.101 50.34607 -7.329143
68.25254 -33.37761 -69.28943
44.67846 -11.24825 -108.7738
-84.31881 42.89034 60.28926
17.33612 -10.85606 111.7108
75.84405 78.59251 15.25671
-71.41154 63.04529 -13.19113
44.60431 -61.54312 -93.88306
-51.53768 -71.03326 43.07487
40.15965 14.70699 104.6473
-85.59595 52.91448 54.42513
16.28617 -5.917597 24.63804
-59.8056 -14.58532 -91.02158
-77.40021 -25.1846 -83.19727
-36.66075 -78.89127 -68.0872
10.77528 -42.49633 109.7256
31.50166 -82.48214 -76.62829
-16.5341 -106.2822 -7.642038
52.59272 -80.94943 -26.32668
-14.20829 110.3161 27.84948
-38.63447 104.5279 -4.589953
-77.38275 12.12554 -62.85346
-0.7269617 -44.31512 49.28511
-28.93017 47.62114 -11.24127
-124.1572 52.13131 -15.29342
-115.9117 48.76971 17.16701
87.42431 61.69278 17.53031
35.33034 3.456842 12.42489
48.24482 -31.85994 68.1438
-9.512663 -24.59668 15.81077
-39.01896 7.816474 -48.59975
-4.225462 -108.521 -12.65429
42.80307 16.34004 -73.50715
48.76712 -75.02442 -71.26761
5.138335 97.0955 46.03871
-60.67703 -74.15459 6.968843
60.31425 -68.99049 -38.58436
-86.41882 21.1748 -33.75146
66.41615 49.8348 66.97628
-15.53537 97.87338 -13.14233
3.552087 -48.6521 24.49978
-92.01313 -43.1437 -4.48853
-76.05527 -60.54074 -12.62214
56.09152 20.41526 -55.19616
46.34053 15.30866 -35.14565
12.42666 3.758935 -0.9409449
77.41074 5.846012 -85.74245
70.77407 -10.79838 86.04062
-22.92977 7.8448 -66.73985
66.92107 64.29578 -52.8568
32.47184 5.004956 3.019353
-65.66039 100.9344 24.30906
13.49577 -72.21119 -88.75165
80.85094 19.4857 -83.55499
-37.49095 87.60771 -12.94893
-56.69509 -63.07983 -69.05205
-71.68214 14.96656 -61.27784
-32.63311 111.2132 24.25553
-60.3278 -23.35458 77.08366
84.10399 60.98341 21.94313
40.96179 -13.82142 -34.98197
-90.88049 67.86412 39.57154
49.98906 -14.17017 108.7061
-91.43312 -36.70027 -54.84325
80.84792 65.18253 23.70915
56.57687 -26.43226 -105.784
76.76909 12.41004 65.80471
48.26681 -58.17969 104.1644
32.35084 -77.17868 58.51074
50.77159 1.134111 24.15512
-94.26309 54.6044 -13.54673
59.77729 -6.006527 -103.5876
-91.83955 21.0782 -48.86964
0.6383683 -107.7031 26.77814
-2.576528 -27.46939 -109.4689
1.459369 7.677052 -13.00254
47.30611 -9.865704 109.9174
50.20728 -44.889 75.67149
1.39017 -47.64447 105.2601
-4.539127 -93.37365 71.44857
-32.83447 -86.18568 -49.97591
72.93524 -19.19582 -86.86311
33.21223 25.0473 -35.19843
-1.023146 -51.92308 -104.9351
73.27357 27.86404 -66.41888
-33.36353 5.179651 10.56973
-10.35026 -30.87304 -108.2615
-125.3594 16.93447 -19.32056
-102.6557 48.2293 40.31133
-73.15376 8.075102 -68.20971
1.227653 -42.39411 -110.4537
-17.91339 75.63612 67.98788
64.48724 -15.54989 -101.9776
-52.67955 9.68949 17.29814
66.25629 -12.2043 -53.48225
-99.41582 58.92693 -14.80374
12.94606 26.12283 102.5539
22.88306 -52.65772 107.7976
-125.7641 23.84974 -11.65038
-22.29405 -20.55117 -105.7424
12.3304 -110.687 -11.44367
-79.46555 -50.00352 17.5976
-37.5918 -13.03329 27.73423
3.875749 -53.68575 31.75945
-71.10461 11.65938 -54.39311
-73.32774 8.069483 -9.704986
-4.435838 6.648739 -84.45796
19.98147 -13.20689 38.71181
39.07258 -86.63966 -71.75438
63.1506 -44.54847 -50.05531
-99.91912 61.20705 34.04384
41.68704 -73.68245 4.471191
-64.63537 81.70906 -9.898836
-30.87371 107.4105 35.69086
36.73836 -61.45157 -0.1190117
-97.4333 38.7399 -23.78465
41.61906 -84.34614 -67.98425
-6.681264 113.9408 15.05204
-94.3169 74.02838 -11.94899
76.94365 36.45985 -36.0228
-28.77499 -21.84099 26.32516
-63.04623 -35.85235 -87.07761
51.12916 90.23025 27.15148
28.54976 11.4412 -72.68877
-7.743871 -77.73528 -79.3651
-46.94426 -5.653733 -93.62559
69.10765 -5.386772 -96.61014
46.90875 -94.65257 -20.03019
57.71252 -19.55168 -104.4521
90.92772 37.46142 10.84213
73.59002 3.976884 43.80567
2.46027 -72.8495 -92.00064
-105.7986 77.23264 0.5272671
-13.65029 113.6976 2.676636
39.59943 -58.27019 -9.157195
-98.33419 52.23723 44.2162
-33.59321 -23.6211 30.19907
-98.4517 1.735909 41.58041
40.32808 91.51839 -27.56474
26.86288 7.625159 -13.86522
-26.11416 -30.8192 -106.8216
77.03925 3.482742 66.90355
61.48497 -59.99704 -61.8611
52.81301 95.93195 -21.11233
-21.07133 -24.81989 37.81263
35.40854 -86.85024 86.82161
52.72813 12.00397 -94.00707
-67.92068 -21.072 69.16695
48.42333 -65.15465 90.23515
44.52353 -3.302608 106.7899
-20.29338 -24.57089 20.80066
-9.553624 43.5064 -16.08617
-15.3996 6.817495 -39.9317
-35.21139 35.99437 -4.246635
-70.07967 99.74301 -3.070217
30.95984 -87.66099 85.35244
49.87551 -62.68616 84.17744
60.76308 -34.90124 85.40865
-73.8487 16.57987 -2.907574
0.1824313 112.6063 14.1128
58.11165 -65.63097 -35.3187
-89.52568 91.55091 18.61994
47.52177 -88.9455 15.18153
-3.208103 7.221583 -35.0632
60.67904 -46.95497 91.24847
-13.77012 115.2546 -0.4638804
44.69239 -81.5634 6.866144
50.44057 -78.2662 -13.02639
14.11766 -63.40052 32.79831
-11.4904 86.57642 -18.50827
-1.478533 -21.95938 43.51421
81.91627 25.8523 -83.99664
-93.18959 56.36805 -18.82208
24.71969 109.0752 13.05964
-58.79461 13.50229 11.71323
-28.46582 89.18047 -13.94038
87.01533 67.89516 0.5112901
36.28239 -80.82076 59.72634
-120.3127 54.09191 -19.6902
3.526824 109.6464 -8.268697
-78.10441 -43.78345 -66.77561
-77.57938 12.16253 -28.49061
60.24038 23.23595 89.83548
-34.62935 113.8253 5.425998
72.15264 54.41824 -55.12601
20.45597 3.865288 -91.97205
-69.44199 9.175399 -9.967592
-80.91539 50.2653 58.98701
-100.2678 7.007183 41.1116
-61.78697 5.174869 3.394495
-31.14449 -77.02259 -69.35431
-56.3258 -64.6446 45.40525
72.59691 80.45055 -30.81146
40.17074 -2.086979 105.8453
45.0891 17.70769 -61.42431
-82.15434 62.50185 -10.63679
-35.1853 30.64097 92.49263
20.00854 -65.56213 54.57026
68.84315 1.764715 85.5724
26.59414 -71.62913 46.78733
-9.791773 -85.31151 80.27973
0.6300631 -59.61881 -104.2657
-52.87771 -79.93031 -13.6455
14.74326 -74.61253 -90.79147
55.60106 67.65087 -45.5554
-43.75634 -86.14146 -4.099775
-68.68097 8.08993 -23.00191
75.27121 -14.77143 -87.40472
-23.53144 33.02749 95.79552
-12.98766 -90.18658 -60.4076
57.68339 -11.754 101.9447
-93.97817 16.39934 -59.7422
-75.44469 -56.21114 -49.96394
-11.70828 19.77044 104.2747
-65.69557 101.6517 8.773655
34.84571 -74.44691 96.44032
-7.009653 -70.91429 93.17053
39.25869 -17.74016 49.10503
30.55218 20.39914 103.7111
-0.1415771 65.60519 77.39949
87.534 38.4341 1.895115
-29.02774 -10.70401 26.71563
53.84732 -27.03026 104.4355
-94.28975 -38.19022 -20.04151
33.63472 -73.53985 64.27042
-64.74171 -15.49356 76.21036
38.68973 -41.62001 112.2107
-76.60678 18.02739 -24.38466
-8.681108 -80.81033 -77.11275
1.261641 -0.6189336 -9.325612
-34.78746 71.78999 -14.57468
87.54568 70.44174 -20.23906
-66.59991 74.69818 -9.278233
-79.23036 18.82029 -15.28579
62.15075 90.59922 2.073511
-40.59268 -15.31603 24.54175
73.8408 -1.411965 60.0206
-57.8783 -50.5369 -80.78333
-89.71336 45.30553 56.37354
-122.5756 42.62337 -1.508286
-47.10236 -7.176994 23.1995
-90.12684 -41.59887 1.442774
78.21575 -1.41705 73.68428
21.13267 3.161727 110.6799
-76.83479 36.26848 67.5021
-12.97567 57.02925 -20.68126
-43.67995 -80.57254 -47.50155
41.15167 -70.80229 97.62855
66.31628 87.12299 -14.36705
-45.5346 -72.25564 -67.42399
-19.08059 80.05153 -17.2377
-31.4691 -19.09381 97.30595
-109.6127 51.72343 25.70823
-68.63123 44.22237 70.21194
3.45255 9.967058 -52.17221
-70.21832 6.335688 -14.19728
64.98428 -33.69823 85.48248
10.44226 -62.18099 -100.6852
-14.69968 -108.9904 -9.525592
-69.9177 68.45325 -8.214508
69.8568 -7.019453 58.44851
-55.9512 -75.38899 -8.455069
64.49064 37.95144 76.09577
45.0172 -84.8358 73.13607
-45.3343 3.319119 18.61732
-56.51469 99.52672 -8.504336
-56.02628 -46.14474 68.81586
10.19989 -18.45555 -6.266405
-50.01173 87.46546 50.31564
-40.35647 107.6811 -4.019101
72.6488 9.251009 28.4137
40.47181 -71.16758 68.74458
-65.99453 -68.70931 -38.30096
-9.690456 115.7096 5.463816
49.55892 -54.49704 -91.94646
79.74059 61.05823 36.52495
47.10898 -14.06712 47.85625
-124.4765 28.98812 -22.05554
-92.41345 83.08043 20.29945
13.11996 -74.72131 95.09968
26.72481 -0.5922582 20.68345
-46.46847 111.7213 9.100533
-94.84458 -36.28879 -50.41411
-57.02946 106.4111 11.67451
-13.32726 79.36337 -18.18085
-115.6788 54.07781 11.83463
3.355363 -59.74708 -107.0852
49.61343 10.97786 -91.56003
-81.5053 29.94923 64.07556
6.998312 20.03189 106.2842
36.60918 -1.674866 23.62343
27.58503 88.2397 49.6712
-57.34841 69.15172 -11.80679
42.48744 -92.04263 31.17508
15.89891 -20.53626 -10.22189
43.05137 -92.44263 62.16328
49.44552 -65.19765 78.51843
-49.1247 -59.71378 65.02473
79.36137 7.034 64.57748
-115.1671 18.67599 20.98638
-28.34641 112.4913 3.194889
-19.71426 105.3679 -5.765274
-85.27355 -49.79917 5.279426
-10.33675 105.5332 -16.21131
26.00287 27.16715 101.4984
-9.215209 62.38834 -20.93916
7.318349 1.592065 -91.01039
-17.75804 -60.66471 90.25813
53.17215 -61.27858 -31.96954
36.67649 -13.73622 111.4431
-83.08634 69.59865 46.132
71.90295 22.82902 77.68565
-5.328375 -49.52371 -107.5075
-93.14764 8.866025 56.16438
60.08868 -22.05966 103.2427
39.41383 -97.00143 65.51424
-63.31166 90.23583 -7.357858
75.51974 3.605884 76.76481
36.07928 9.586329 -91.51488
-39.17653 -48.49516 -93.28616
-65.80133 86.76116 -7.764802
-20.21413 -34.43118 -104.7678
75.56255 7.696053 75.37159
26.55431 -67.66277 60.00365
-28.43196 105.2842 -5.188443
79.73021 72.41875 11.41287
34.8818 40.4714 93.44817
75.41965 5.269679 47.77396
-66.99887 33.82986 74.84506
-81.13374 96.24842 -1.797238
-55.89807 21.28047 9.142281
-120.3918 11.88948 -26.24503
-90.18766 78.33126 32.00005
-60.94263 -26.42999 79.96352
18.048 -111.1482 -12.31269
81.33412 76.13225 11.62228
-66.22154 -37.95349 -83.78408
-37.48174 39.3943 89.20096
-120.1343 43.8301 -24.82259
11.88865 -110.9916 9.285721
75.80656 18.28074 -74.85887
-55.5724 -14.53047 81.66093
20.10146 106.526 25.07458
7.121056 -46.35162 17.61074
27.24163 104.1575 21.08459
-125.1803 42.26736 -23.43815
-12.71065 111.5805 0.2026504
46.94465 20.35025 -63.08277
28.50266 104.3432 -6.388289
22.93048 -14.78341 -110.4146
7.987444 99.78374 -19.44837
-20.77277 -88.29931 -59.32353
-54.04339 66.60495 -9.971958
13.50893 108.9336 24.99023
-58.07416 -70.15166 13.75997
35.94647 -66.77786 -92.27732
38.16478 -5.075118 109.378
56.59006 23.24529 -52.84141
22.722 10.59345 -57.30598
-17.86464 112.0121 -6.452559
74.15432 -2.487676 82.87122
37.95293 6.448445 108.2141
-61.10705 -31.99166 71.94164
-98.10191 4.997499 51.31413
48.23164 -50.70842 76.71118
92.27114 51.8404 6.201476
29.51997 -73.27529 52.93648
74.96236 4.905213 53.88546
13.47811 -57.8409 -105.0238
-20.04585 -99.21024 -30.02075
-65.23232 -70.26012 -11.71548
44.89495 -1.760265 111.2284
-63.28448 -54.40917 44.63056
27.7518 -64.95853 62.11562
-56.50535 3.487662 12.52279
-107.3537 57.32987 -18.91647
-96.13238 -5.179086 -66.85237
40.0672 -88.58048 80.86094
10.34405 -32.71559 -111.937
23.71305 -49.48251 61.24624
46.11204 -95.08055 -25.51002
-51.30512 -4.612727 19.45055
-15.18746 -105.6423 0.2340941
-6.837404 -40.79177 104.4688
48.55306 -82.71492 2.654388
42.85765 1.5136 -104.6199
43.81981 -64.79573 -10.512
-23.53111 5.209884 -85.14236
43.9091 -98.87772 -29.9594
-96.27277 22.57978 -51.3625
17.98178 -110.4146 18.72134
-27.36366 -36.47962 -104.6934
59.37167 34.89807 -53.28758
-9.306218 23.58732 -11.99782
28.32489 -29.49313 54.28698
55.90549 20.47332 -43.95189
-97.50887 -27.61161 -56.66312
16.70252 -0.4030944 11.15834
-17.98873 -10.689 -100.6923
12.0208 111.9483 0.1638096
6.112251 35.7598 -22.88365
-38.54575 112.6656 2.009118
6.175815 -0.3181219 9.68832
-18.35999 -17.53625 -105.9189
10.29953 -79.47477 93.21409
75.27439 35.8377 65.55518
-85.90548 -6.996957 56.60197
-33.59894 -72.87975 68.13612
-52.87679 -3.204905 8.40242
-52.47077 7.932357 14.04635
75.11578 1.236899 54.33936
4.050913 -53.88505 -101.4076
78.5303 61.95863 -53.0314
-25.86177 -83.87486 -65.46986
53.90007 1.119931 103.1081
-92.45441 -9.156926 44.69996
45.59181 -2.598915 -103.3188
61.45958 88.4557 11.94469
2.02172 10.88427 -14.77706
-46.84797 9.332266 -53.75705
69.31169 -13.20978 -96.6784
45.35595 11.03422 -14.96957
-46.84729 -68.75131 -71.01702
-58.95414 97.98717 -2.066044
-74.54408 11.70379 -68.90087
-101.6068 8.491771 45.89996
41.36894 -31.32426 110.3705
-30.10316 6.904799 -39.88916
-123.3088 38.52005 -7.881468
42.77755 -83.37154 11.04492
15.39609 -48.4169 -108.1197
-22.36193 -49.83003 -100.4722
-24.97503 10.17606 -55.11015
41.50664 -13.57304 45.32914
-15.19551 -23.83423 -107.2986
44.28238 -67.85379 72.85725
30.19431 102.7094 24.92385
-101.5255 40.21766 42.41113
-75.64739 74.86606 -13.50263
22.41475 88.51905 53.33005
-40.75162 31.63772 89.30573
-90.98766 53.41491 50.76061
-9.076742 109.7025 -5.057608
55.66245 -31.96949 104.5113
-81.1452 17.46497 -32.87384
6.839559 -12.2909 -104.7346
-28.57451 -68.59197 -83.48744
-1.670334 63.33463 -22.30564
-45.74399 49.91017 80.19032
64.13307 12.50538 12.16524
-42.60089 -43.99871 -93.07295
32.95293 -24.59681 -21.55281
48.45692 -56.21523 77.79366
28.53499 -41.52887 -108.3992
36.78975 -67.11414 67.52147
-123.1685 33.72754 -29.8078
-0.8970534 -14.35888 35.48383
-8.647083 -79.83328 84.32564
14.97161 86.0553 -27.48329
-44.81069 103.065 35.43301
7.655452 -67.73969 -95.11214
-119.5606 57.21751 -3.528939
-64.33478 2.000899 79.70348
-35.50477 58.75874 -13.63926
89.72957 52.04779 -10.034
79.8333 77.90086 5.637034
39.68569 -87.07866 83.87898
-107.932 -7.533504 3.840351
38.12067 -53.22559 107.0376
84.68056 17.92225 48.2878
89.76871 53.95711 -2.698359
-35.17662 -24.38585 -101.847
82.2859 39.07822 -70.86265
-58.79856 35.92516 78.24904
-47.55654 98.91116 -10.56071
49.86592 -78.7634 -26.88332
-40.95437 -5.084796 -93.65008
-123.9239 50.39877 -18.66444
-23.52776 7.660601 -57.78548
13.12198 -17.29058 -9.759102
-84.5453 93.69295 -4.084822
-42.89428 67.66697 -12.2074
23.81903 -43.93579 -107.5963
-93.92101 36.72916 52.24174
17.80654 5.373965 -4.282102
-62.4339 71.33092 -14.14507
-8.450979 8.101274 -71.74554
-4.40808 -77.32198 87.21656
59.68278 -30.98263 -96.89723
52.6787 13.71845 -87.33946
-113.8402 62.87737 8.646669
20.06339 9.097218 -77.55857
79.08006 78.24381 -29.68174
3.316691 -46.20409 20.13008
55.01762 -15.38214 106.0888
-24.58823 7.729774 -48.66261
21.72603 108.7724 -10.72218
-92.38764 18.3891 55.29493
-128.2332 46.07589 -10.2614
6.547526 13.9881 106.77
45.55189 -60.14553 102.8025
-0.281042 3.565492 -92.67469
-11.79798 -103.99 -22.38
-18.70299 -40.42908 99.37077
24.21996 6.855541 -93.18897
43.6773 -65.42242 -14.68281
49.04819 -87.18651 -27.01173
-37.42936 73.0827 66.45506
-97.63078 -33.09362 -26.99632
89.43023 55.63663 -26.43146
27.78547 -47.52775 -105.4762
-19.72789 11.87298 -0.7487626
46.31293 32.30743 89.95241
-116.3939 12.18908 -41.79673
1.996551 -49.93132 -104.5742
4.675488 -70.16783 -91.28018
73.97733 69.61166 35.79484
13.48374 4.440196 -88.16389
-53.65894 64.40955 -13.52675
22.09155 71.47027 67.97195
65.46913 -19.94317 77.3793
71.81731 59.70533 51.50923
79.67812 18.1169 42.41894
54.46011 -40.27656 74.18554
41.94235 -30.00734 62.46851
43.12247 13.54748 102.9908
15.5488 109.1373 16.96874
-35.5438 -78.96946 59.9502
-70.78004 63.35639 -8.699877
-47.20965 84.20634 -12.21226
-60.68012 -42.0942 -85.39888
8.414213 111.2371 8.880406
75.52922 -8.599284 77.60929
38.56443 -0.921753 108.8916
48.28811 75.46483 50.66497
77.44506 78.63465 -23.85636
-66.70454 8.110785 -72.58678
81.06905 21.70308 67.57959
-41.21595 72.51513 -13.71386
-29.28963 -47.6571 -101.1475
-92.61288 -19.77062 -73.09223
-68.80266 89.74905 -10.46322
-23.63635 93.69291 50.55768
82.01702 22.57981 53.7491
64.40607 -49.41637 -60.68622
29.32799 13.77103 -75.91182
-57.92083 105.8887 18.58182
-34.08278 -8.777305 21.48154
11.69646 -28.35841 -1.9305
-19.84029 4.903999 -81.08298
-0.9950425 -6.722281 108.1688
42.82134 -76.42842 8.491636
37.2463 -5.428757 27.06063
67.36038 90.42657 -20.18766
80.36861 72.81467 18.26151
28.11546 14.6069 -44.49615
-126.934 42.59732 -17.78396
8.043327 -84.05158 -76.44616
35.54418 14.29052 -47.86613
19.4162 -25.45475 112.3057
45.71413 -28.01595 60.06078
-57.29652 -14.02425 84.30729
-48.36612 -8.835053 -97.23222
-70.90751 -19.46103 70.20731
40.59927 -15.48426 111.0542
-30.93284 26.6705 -2.337553
-24.15888 113.3314 0.3278245
49.64263 -81.42786 -58.1819
44.11895 -80.366 17.11732
44.25569 -96.58716 57.08318
-124.032 34.06791 -14.98205
-42.54799 75.95352 63.53794
-82.3177 55.85743 55.30825
56.94914 -69.60083 -48.82898
-95.37073 42.14479 49.22174
63.95409 10.10742 -98.22932
8.671823 -58.76652 -101.6003
75.71326 4.72898 -93.2532
24.10536 93.55905 44.28933
-78.48705 -49.26364 -58.85389
47.3236 -15.60422 -107.1634
-57.2855 28.87549 6.091909
-5.596481 14.69878 103.4525
2.052551 -43.44741 -106.5986
80.55758 32.00671 -9.367864
0.2981202 -0.4059593 -93.40022
55.9669 -29.1679 66.93079
-21.98864 -101.4744 11.87076
71.37865 -13.84216 78.21852
33.10752 -26.62189 55.47153
23.06885 -99.42476 -47.46511
-82.40043 18.5077 -25.43733
12.56398 8.18014 -74.23041
46.69117 -7.075107 35.55534
-42.33794 -40.83154 -97.63105
-89.27084 71.51226 -13.38554
88.4895 32.01017 25.04623
75.95506 0.09366266 70.66022
79.14291 49.27317 48.61864
-127.2391 39.77856 -13.4357
-10.57388 56.49022 -16.19792
-78.33988 46.10918 -7.463625
-67.7804 49.76197 -7.229078
86.81895 49.83491 25.70648
44.74182 -40.80406 108.1663
-42.08232 50.32386 79.60102
86.02878 64.37139 11.94992
-61.97012 -70.9258 -39.08049
30.91897 -109.6354 30.14931
-4.943441 -82.44163 83.36134
-26.07019 78.20902 -16.03709
-20.25971 -89.97093 67.26641
45.05551 -73.06213 2.21223
-20.14124 97.43799 47.19887
-65.93476 -55.95948 -67.46319
41.62053 -17.78411 -108.8608
14.56203 -13.50031 -107.337
49.20482 18.59884 -76.34692
53.29456 17.93318 -77.67973
-43.57851 6.080667 -78.91518
9.823985 -1.383388 18.91743
-42.17617 -74.0806 -63.75994
88.844 60.23017 12.12408
66.77767 -40.2332 -72.73481
-71.27691 10.32876 -5.592522
-42.70834 65.86921 -15.86625
-30.33507 -24.41962 33.04401
57.55342 14.1464 -11.3083
-2.723347 -54.43013 -100.8462
24.89201 -84.12917 92.44883
51.91061 97.63318 -11.91001
-79.42458 -22.08801 -82.00461
-59.34186 54.9766 -6.729594
39.0847 -52.86453 -100.2112
-8.179199 -42.59774 44.94614
6.872281 -51.02311 21.70919
21.55967 97.12921 41.24284
39.89016 -90.20705 46.89029
-9.167174 -94.52124 66.26561
67.56958 -6.639539 -53.06845
4.944795 -92.36782 78.51289
33.61845 2.666065 -31.5782
-65.93618 -18.31878 74.83518
42.11266 -59.14295 104.8492
65.40641 87.32398 9.137737
47.97182 -92.18619 -6.329194
16.3116 -92.24074 -64.50198
41.12759 -54.81387 72.19576
-40.43321 -57.25521 -88.42602
-94.83628 -28.13835 -60.70144
-49.53056 -6.11568 11.36199
-86.92358 -44.38139 -50.59672
-127.007 32.11105 -11.64149
59.42033 -24.71865 69.9525
-27.98715 52.74917 83.66385
53.10009 -80.54233 -37.84553
-43.41495 10.35471 -52.02969
-60.9084 99.97199 -3.791461
-48.62244 84.17166 55.34923
86.70509 34.78688 26.90405
-58.36422 73.13213 -14.73284
59.50364 16.81164 -25.52082
-10.41923 3.960571 106.1801
36.37523 -71.09602 71.03532
21.81489 -32.37881 59.12331
71.68235 -4.012643 69.1242
14.60314 7.445122 -79.90698
-8.541052 58.1033 -20.24365
78.86719 29.08661 -76.90685
89.02918 52.96815 24.10715
86.81825 47.02969 -15.80113
35.4692 88.46297 -32.51116
-21.83122 -100.9073 -16.94035
39.91144 -47.4463 110.3613
83.39372 75.06632 3.328797
70.92174 88.23454 -20.17691
18.66001 -54.50707 106.4098
-33.3281 -37.48168 93.72605
-31.43331 52.14033 -12.75663
-69.80097 11.30145 -13.59596
66.80909 17.33308 85.90852
47.95472 -36.17954 -103.997
57.32734 -48.97231 -39.8968
-33.07454 105.768 39.8534
-21.55687 38.33594 93.50911
11.58381 34.60268 -25.39343
-40.18373 6.58165 -33.69292
-69.76315 -65.99387 -17.44169
35.59478 -48.02213 -15.09844
19.91282 -62.75944 23.75921
45.32355 -54.51487 -95.48541
35.96341 35.99744 93.89447
80.35648 12.98288 56.54919
-82.3614 96.22194 9.692861
-58.35658 7.330758 -66.17569
88.24548 51.62632 -42.43291
55.90364 -42.50304 84.42371
-82.32653 46.90128 -11.15532
66.74763 -15.15272 68.57301
49.55661 -69.6971 -20.15903
75.23364 -6.18739 73.67361
73.59222 -7.146826 68.54656
90.66749 46.81427 13.4225
-44.81147 41.85305 84.13257
66.23154 90.80653 -12.55239
-83.94791 -27.97034 40.24827
50.77166 -58.51683 87.43902
67.06496 8.544662 25.94553
-1.221383 -109.1372 -4.229236
-81.50436 86.38737 32.01526
-23.24043 -94.77578 -32.60396
60.83244 -10.85022 49.55528
49.21894 18.36138 -50.25404
-65.31647 96.13013 -6.914752
46.76817 94.9901 20.50997
-43.97586 94.21127 49.20079
22.30896 103.8567 26.09875
-88.2164 34.79573 -13.67518
63.71161 13.32086 0.334787
72.84473 -2.252947 -94.1938
-25.80452 -26.77762 27.76956
83.61143 72.97799 -26.61715
28.80859 13.7774 -65.36721
-25.32726 48.60605 86.44504
-12.62606 -42.38006 102.2084
49.43662 -36.62865 106.2567
72.77505 -14.14097 -74.34927
76.64287 -2.883339 68.73307
-47.54725 -52.30665 -87.51001
-2.273823 61.49749 78.50602
14.40139 -26.60706 111.2082
22.93857 -65.16644 -96.09524
-103.0638 46.22081 36.14764
-123.9904 44.3069 -7.049361
90.87549 59.32717 -26.60254
53.71375 -21.5228 -105.9316
-16.42689 4.712717 103.8726
2.162208 -37.84323 50.70892
35.51852 14.48938 -52.63744
13.85151 15.34559 -22.17191
29.75228 -43.27501 109.193
39.66044 -9.381509 36.34843
-56.12808 -3.803053 16.77819
-80.87571 -23.57072 51.63507
-57.9276 -5.027146 -91.07074
69.78705 -19.15778 -91.76759
-78.60387 13.25798 -24.26675
47.2218 -89.25452 -16.12066
-64.29562 10.96134 -23.20518
37.79217 -76.1522 -80.12889
-54.66678 8.429853 -36.60627
-65.43324 81.78851 48.76096
25.62173 99.69056 33.52916
-67.3194 93.02495 35.75206
73.01431 1.023874 85.60268
18.75689 108.607 11.31314
-8.922475 108.8367 -12.3669
-78.53967 97.2407 19.87595
80.26942 81.07076 -17.36293
-29.28693 111.56 -2.784749
-122.68 27.88692 -29.79595
-69.90617 49.66108 -2.771991
49.15653 33.84717 90.79
-75.51073 11.56758 -33.38164
-73.58119 7.346397 -74.94081
0.4822674 -52.10068 40.11318
-103.7164 78.30319 7.317349
25.03853 78.40221 64.15284
-26.03221 110.3368 24.51726
18.48365 71.24412 72.72928
92.32258 56.2011 -5.515743
73.86755 13.17229 15.85133
-18.00936 0.4820675 -88.51613
-91.88448 -10.37672 -75.78075
53.49178 -67.25449 -24.63037
-88.12687 -41.96807 -55.79376
65.36646 -0.06853977 39.11218
3.223902 -89.69907 81.98009
-84.09053 16.32414 -60.3796
39.67478 -41.9312 -18.01179
-0.03198197 57.15879 -23.09026
-25.00986 63.53659 76.96108
69.1178 -29.14821 -82.75277
33.15492 -3.56162 25.38961
-126.0428 44.23653 -2.278679
55.73536 -75.76595 -56.64373
56.67455 21.42432 -72.62095
-101.4676 34.5036 -36.54937
55.88094 10.94786 -98.23403
22.24294 14.1888 107.1029
-25.9454 -67.08926 -82.87793
-110.4949 50.20631 -25.79649
90.497 60.36515 6.256288
-14.71756 -53.39801 -101.6969
-77.2864 88.86646 31.82225
-58.54819 74.02194 -8.752885
62.04575 22.12711 -28.62295
85.90672 67.12427 -21.03009
79.07636 6.86627 54.62392
-59.88286 -0.5248307 14.05545
-113.8127 61.97328 4.619831
15.32042 98.82569 39.03501
-49.44969 104.5388 -5.898193
86.06534 46.35619 -27.07499
64.73427 84.66365 18.99908
84.20545 30.46693 10.13052
86.79054 57.71942 -47.31361
-3.883518 -24.89708 107.7876
-54.48707 32.09982 81.51974
16.50196 51.52792 -29.69394
-36.49984 33.82642 89.77515
-74.26832 15.01582 -32.82132
-15.4944 64.60464 -16.49346
52.20708 -1.30056 29.51374
-47.97598 -78.40987 -45.39188
-62.88024 -31.36828 -89.32333
-85.36406 -18.71327 -76.69791
-109.2632 20.992 30.18608
49.95568 -64.39718 -18.74673
71.24117 85.82713 0.3142268
26.45483 72.31844 -35.41937
9.153449 -14.36012 111.4746
-53.431 29.64313 84.00859